1994,1995,1996,1997,1998,1999,2000,2001,2002,2003,2004,2005,2006,2007,2008,2009,
2,4,2,1,0,0,2,1,3,0,1,1,2,1,2,1,
1994,1995,1996,1997,1998,1999,2000,2001,2002,2003,2004,2005,2006,2007,2008,2009,
1,6,5,8,6,3,4,1,3,0,0,0,0,2,2,1,
1994,1995,1996,1997,1998,1999,2000,2001,2002,2003,2004,2005,2006,2007,2008,2009,
1,2,2,0,0,3,0,0,1,0,0,1,2,0,1,2,
1994,1995,1996,1997,1998,1999,2000,2001,2002,2003,2004,2005,2006,2007,2008,2009,
1,2,0,1,2,0,1,2,1,1,0,1,1,0,0,1,
1980,1981,1982,1983,1984,1985,1986,1987,1988,1989,1990,1991,1992,1993,1994,1995,
2,4,2,2,4,2,1,0,3,2,0,1,0,0,1,1,
1987,1988,1989,1990,1991,1992,1993,1994,1995,1996,1997,1998,1999,2000,2001,2002,
2,0,1,0,3,1,1,1,0,0,0,1,1,0,3,1,
1991,1992,1993,1994,1995,1996,1997,1998,1999,2000,2001,2002,2003,2004,2005,2006,
1,6,1,1,4,0,1,1,0,4,1,3,1,0,0,1,
1987,1988,1989,1990,1991,1992,1993,1994,1995,1996,1997,1998,1999,2000,2001,2002,
1,0,1,2,3,1,3,2,0,0,1,0,0,0,0,1,
1986,1987,1988,1989,1990,1991,1992,1993,1994,1995,1996,1997,1998,1999,2000,2001,
2,1,1,1,1,2,1,1,0,0,0,0,0,0,0,1,
1989,1990,1991,1992,1993,1994,1995,1996,1997,1998,1999,2000,2001,2002,2003,2004,
1,0,0,1,2,1,2,2,0,1,0,1,1,2,0,1,
1985,1986,1987,1988,1989,1990,1991,1992,1993,1994,1995,1996,1997,1998,1999,2000,
1,0,1,3,1,0,3,2,2,2,2,1,0,1,0,1,
1989,1990,1991,1992,1993,1994,1995,1996,1997,1998,1999,2000,2001,2002,2003,2004,
5,2,2,2,3,1,2,1,0,0,0,0,1,1,1,1,
1988,1989,1990,1991,1992,1993,1994,1995,1996,1997,1998,1999,2000,2001,2002,2003,
1,0,1,0,1,2,0,1,1,0,1,0,1,1,1,1,
1988,1989,1990,1991,1992,1993,1994,1995,1996,1997,1998,1999,2000,2001,2002,2003,
2,12,8,2,4,1,2,3,2,0,2,0,2,2,1,1,
1986,1987,1988,1989,1990,1991,1992,1993,1994,1995,1996,1997,1998,1999,2000,2001,
6,7,8,7,1,3,0,4,1,0,0,0,0,0,0,2,
1986,1987,1988,1989,1990,1991,1992,1993,1994,1995,1996,1997,1998,1999,2000,2001,
1,2,3,3,1,3,0,0,1,4,3,3,4,1,0,1,
1986,1987,1988,1989,1990,1991,1992,1993,1994,1995,1996,1997,1998,1999,2000,2001,
1,0,1,3,2,6,1,2,2,2,0,1,0,0,2,1,
1988,1989,1990,1991,1992,1993,1994,1995,1996,1997,1998,1999,2000,2001,2002,2003,
2,1,1,2,2,0,2,1,2,0,0,0,1,0,0,1,
1986,1987,1988,1989,1990,1991,1992,1993,1994,1995,1996,1997,1998,1999,2000,2001,
2,6,1,6,2,2,0,3,0,1,1,1,0,0,0,1,
1986,1987,1988,1989,1990,1991,1992,1993,1994,1995,1996,1997,1998,1999,2000,2001,
1,2,3,3,0,3,1,1,0,2,0,1,0,0,1,1,
1993,1994,1995,1996,1997,1998,1999,2000,2001,2002,2003,2004,2005,2006,2007,2008,
1,0,0,0,2,1,0,0,1,1,1,1,0,0,1,4,
1989,1990,1991,1992,1993,1994,1995,1996,1997,1998,1999,2000,2001,2002,2003,2004,
1,1,1,2,2,4,1,0,0,0,0,0,0,0,1,1,
1987,1988,1989,1990,1991,1992,1993,1994,1995,1996,1997,1998,1999,2000,2001,2002,
2,1,1,1,4,2,6,0,1,0,1,0,0,0,0,1,
1987,1988,1989,1990,1991,1992,1993,1994,1995,1996,1997,1998,1999,2000,2001,2002,
1,3,1,0,1,3,0,0,1,1,0,1,0,2,0,1,
1986,1987,1988,1989,1990,1991,1992,1993,1994,1995,1996,1997,1998,1999,2000,2001,
1,2,7,4,3,4,1,2,0,2,0,1,0,2,0,1,
1987,1988,1989,1990,1991,1992,1993,1994,1995,1996,1997,1998,1999,2000,2001,2002,
1,0,1,2,2,0,3,1,3,1,4,0,1,2,0,1,
1988,1989,1990,1991,1992,1993,1994,1995,1996,1997,1998,1999,2000,2001,2002,2003,
9,10,9,9,11,9,2,6,2,3,1,1,0,1,0,2,
1987,1988,1989,1990,1991,1992,1993,1994,1995,1996,1997,1998,1999,2000,2001,2002,
1,3,3,2,3,1,0,0,1,1,0,0,0,0,1,1,
1988,1989,1990,1991,1992,1993,1994,1995,1996,1997,1998,1999,2000,2001,2002,2003,
2,3,1,3,1,0,1,1,2,0,0,1,1,1,1,3,
1988,1989,1990,1991,1992,1993,1994,1995,1996,1997,1998,1999,2000,2001,2002,2003,
1,2,3,3,4,0,1,2,0,0,1,0,0,2,0,1,
1986,1987,1988,1989,1990,1991,1992,1993,1994,1995,1996,1997,1998,1999,2000,2001,
1,2,0,2,2,2,0,2,1,1,0,1,1,0,0,1,
1987,1988,1989,1990,1991,1992,1993,1994,1995,1996,1997,1998,1999,2000,2001,2002,
1,2,2,1,3,1,1,1,2,0,0,1,0,0,2,2,
1989,1990,1991,1992,1993,1994,1995,1996,1997,1998,1999,2000,2001,2002,2003,2004,
1,2,3,1,2,0,1,3,1,0,0,0,0,0,0,1,
1988,1989,1990,1991,1992,1993,1994,1995,1996,1997,1998,1999,2000,2001,2002,2003,
1,2,1,3,4,2,1,1,2,3,0,0,0,0,1,1,
1986,1987,1988,1989,1990,1991,1992,1993,1994,1995,1996,1997,1998,1999,2000,2001,
1,2,2,2,3,1,2,3,0,0,0,0,0,0,0,3,
1986,1987,1988,1989,1990,1991,1992,1993,1994,1995,1996,1997,1998,1999,2000,2001,
1,1,1,2,0,0,2,1,1,1,0,0,0,0,1,1,
1989,1990,1991,1992,1993,1994,1995,1996,1997,1998,1999,2000,2001,2002,2003,2004,
1,0,1,3,1,4,2,0,0,0,0,2,1,0,0,1,
1989,1990,1991,1992,1993,1994,1995,1996,1997,1998,1999,2000,2001,2002,2003,2004,
2,0,2,1,3,1,3,2,0,1,0,1,0,0,1,1,
1988,1989,1990,1991,1992,1993,1994,1995,1996,1997,1998,1999,2000,2001,2002,2003,
1,9,3,6,7,6,1,3,3,4,2,1,3,3,3,1,
1986,1987,1988,1989,1990,1991,1992,1993,1994,1995,1996,1997,1998,1999,2000,2001,
1,0,0,1,0,1,1,0,2,1,1,4,0,0,0,2,
1984,1985,1986,1987,1988,1989,1990,1991,1992,1993,1994,1995,1996,1997,1998,1999,
1,0,2,4,0,2,1,1,1,3,0,0,0,0,0,1,
1988,1989,1990,1991,1992,1993,1994,1995,1996,1997,1998,1999,2000,2001,2002,2003,
1,3,2,0,1,0,0,1,0,3,0,1,0,0,1,1,
1988,1989,1990,1991,1992,1993,1994,1995,1996,1997,1998,1999,2000,2001,2002,2003,
1,2,0,1,1,1,1,2,0,1,1,0,1,1,0,1,
1986,1987,1988,1989,1990,1991,1992,1993,1994,1995,1996,1997,1998,1999,2000,2001,
1,3,3,4,2,0,2,4,0,1,1,1,0,0,1,1,
1978,1979,1980,1981,1982,1983,1984,1985,1986,1987,1988,1989,1990,1991,1992,1993,
1,0,0,1,1,0,2,1,1,0,3,1,0,0,0,1,
1988,1989,1990,1991,1992,1993,1994,1995,1996,1997,1998,1999,2000,2001,2002,2003,
5,4,2,7,6,4,1,2,1,2,1,4,2,3,1,1,
1988,1989,1990,1991,1992,1993,1994,1995,1996,1997,1998,1999,2000,2001,2002,2003,
2,4,1,7,2,1,0,1,0,2,0,0,0,0,1,1,
1990,1991,1992,1993,1994,1995,1996,1997,1998,1999,2000,2001,2002,2003,2004,2005,
2,4,2,3,2,4,0,1,0,1,0,0,2,1,0,1,
1991,1992,1993,1994,1995,1996,1997,1998,1999,2000,2001,2002,2003,2004,2005,2006,
1,1,0,1,1,0,1,0,2,0,1,1,1,0,1,1,
1978,1979,1980,1981,1982,1983,1984,1985,1986,1987,1988,1989,1990,1991,1992,1993,
1,2,1,0,0,0,0,2,0,1,0,1,1,2,0,1,
1994,1995,1996,1997,1998,1999,2000,2001,2002,2003,2004,2005,2006,2007,2008,2009,
1,1,1,4,1,4,0,1,4,2,0,1,1,1,3,4,
1993,1994,1995,1996,1997,1998,1999,2000,2001,2002,2003,2004,2005,2006,2007,2008,
1,3,8,5,4,5,1,6,3,0,3,4,0,2,2,2,
1993,1994,1995,1996,1997,1998,1999,2000,2001,2002,2003,2004,2005,2006,2007,2008,
1,0,0,0,0,2,1,2,1,1,0,1,1,1,2,3,
1994,1995,1996,1997,1998,1999,2000,2001,2002,2003,2004,2005,2006,2007,2008,2009,
4,9,12,18,10,23,23,26,33,42,29,14,29,37,61,66,
1993,1994,1995,1996,1997,1998,1999,2000,2001,2002,2003,2004,2005,2006,2007,2008,
2,1,1,1,0,5,0,5,5,4,1,0,2,0,0,1,
1994,1995,1996,1997,1998,1999,2000,2001,2002,2003,2004,2005,2006,2007,2008,2009,
1,0,0,2,2,0,2,6,6,6,2,4,4,4,5,4,
1994,1995,1996,1997,1998,1999,2000,2001,2002,2003,2004,2005,2006,2007,2008,2009,
1,3,3,3,2,0,1,2,1,0,1,1,2,4,0,1,
1994,1995,1996,1997,1998,1999,2000,2001,2002,2003,2004,2005,2006,2007,2008,2009,
1,0,1,0,1,0,2,1,2,0,0,0,2,1,0,1,
1993,1994,1995,1996,1997,1998,1999,2000,2001,2002,2003,2004,2005,2006,2007,2008,
2,0,5,0,5,3,3,6,5,2,0,0,0,0,0,2,
1994,1995,1996,1997,1998,1999,2000,2001,2002,2003,2004,2005,2006,2007,2008,2009,
2,3,1,3,4,1,1,3,0,1,1,0,0,0,0,1,
1994,1995,1996,1997,1998,1999,2000,2001,2002,2003,2004,2005,2006,2007,2008,2009,
1,2,1,4,5,1,7,17,18,9,1,4,0,7,3,6,
1994,1995,1996,1997,1998,1999,2000,2001,2002,2003,2004,2005,2006,2007,2008,2009,
1,1,0,2,0,0,1,2,1,1,0,0,0,0,1,1,
1994,1995,1996,1997,1998,1999,2000,2001,2002,2003,2004,2005,2006,2007,2008,2009,
1,3,1,1,1,0,6,1,2,0,0,0,1,0,1,1,
1994,1995,1996,1997,1998,1999,2000,2001,2002,2003,2004,2005,2006,2007,2008,2009,
2,1,1,0,2,0,1,2,2,1,0,0,0,1,2,1,
1994,1995,1996,1997,1998,1999,2000,2001,2002,2003,2004,2005,2006,2007,2008,2009,
3,3,0,1,1,0,1,2,0,0,2,0,0,2,0,1,
1994,1995,1996,1997,1998,1999,2000,2001,2002,2003,2004,2005,2006,2007,2008,2009,
1,6,0,2,1,2,3,6,1,2,0,2,0,1,2,1,
1994,1995,1996,1997,1998,1999,2000,2001,2002,2003,2004,2005,2006,2007,2008,2009,
1,0,0,1,2,0,1,2,1,1,1,0,0,0,0,1,
1994,1995,1996,1997,1998,1999,2000,2001,2002,2003,2004,2005,2006,2007,2008,2009,
1,5,1,1,0,1,0,0,4,2,2,2,2,5,4,6,
1993,1994,1995,1996,1997,1998,1999,2000,2001,2002,2003,2004,2005,2006,2007,2008,
3,0,6,0,8,5,2,2,2,2,1,1,1,0,0,4,
1994,1995,1996,1997,1998,1999,2000,2001,2002,2003,2004,2005,2006,2007,2008,2009,
1,0,3,1,0,4,2,5,3,5,2,2,1,4,4,1,
1994,1995,1996,1997,1998,1999,2000,2001,2002,2003,2004,2005,2006,2007,2008,2009,
1,0,2,1,1,1,2,1,3,2,1,0,2,3,2,3,
1993,1994,1995,1996,1997,1998,1999,2000,2001,2002,2003,2004,2005,2006,2007,2008,
1,3,7,1,2,1,0,3,2,4,0,1,1,1,0,1,
1994,1995,1996,1997,1998,1999,2000,2001,2002,2003,2004,2005,2006,2007,2008,2009,
1,0,1,0,0,0,2,1,1,1,1,4,0,3,3,2,
1994,1995,1996,1997,1998,1999,2000,2001,2002,2003,2004,2005,2006,2007,2008,2009,
1,5,1,3,3,2,4,4,8,4,0,4,0,4,9,1,
1994,1995,1996,1997,1998,1999,2000,2001,2002,2003,2004,2005,2006,2007,2008,2009,
1,0,1,2,3,0,1,2,3,0,2,0,0,1,1,1,
1994,1995,1996,1997,1998,1999,2000,2001,2002,2003,2004,2005,2006,2007,2008,2009,
1,0,1,2,0,1,1,1,0,1,2,0,0,0,0,1,
1993,1994,1995,1996,1997,1998,1999,2000,2001,2002,2003,2004,2005,2006,2007,2008,
1,1,1,1,2,0,0,1,1,2,2,0,0,1,0,2,
1994,1995,1996,1997,1998,1999,2000,2001,2002,2003,2004,2005,2006,2007,2008,2009,
6,9,5,12,9,6,10,12,14,7,4,2,2,2,6,6,
1994,1995,1996,1997,1998,1999,2000,2001,2002,2003,2004,2005,2006,2007,2008,2009,
6,7,9,7,9,11,10,8,8,10,3,2,2,10,6,10,
1992,1993,1994,1995,1996,1997,1998,1999,2000,2001,2002,2003,2004,2005,2006,2007,
1,3,0,0,1,1,0,1,0,1,1,0,0,1,0,1,
1994,1995,1996,1997,1998,1999,2000,2001,2002,2003,2004,2005,2006,2007,2008,2009,
5,11,4,9,3,7,3,4,7,9,3,3,2,3,6,5,
1993,1994,1995,1996,1997,1998,1999,2000,2001,2002,2003,2004,2005,2006,2007,2008,
1,2,3,3,1,1,2,0,2,1,0,1,1,0,0,1,
1994,1995,1996,1997,1998,1999,2000,2001,2002,2003,2004,2005,2006,2007,2008,2009,
1,3,1,1,0,1,3,0,3,8,5,1,0,2,0,3,
1993,1994,1995,1996,1997,1998,1999,2000,2001,2002,2003,2004,2005,2006,2007,2008,
1,1,0,2,4,3,1,0,2,6,0,1,0,3,3,2,
1993,1994,1995,1996,1997,1998,1999,2000,2001,2002,2003,2004,2005,2006,2007,2008,
3,1,7,1,5,1,2,7,1,1,1,1,0,0,1,1,
1994,1995,1996,1997,1998,1999,2000,2001,2002,2003,2004,2005,2006,2007,2008,2009,
3,0,1,1,1,0,1,0,0,3,0,1,0,0,1,1,
1994,1995,1996,1997,1998,1999,2000,2001,2002,2003,2004,2005,2006,2007,2008,2009,
1,2,2,2,0,2,1,2,1,0,0,0,0,0,0,1,
1993,1994,1995,1996,1997,1998,1999,2000,2001,2002,2003,2004,2005,2006,2007,2008,
1,0,0,0,0,1,1,0,1,1,1,1,0,2,0,1,
1994,1995,1996,1997,1998,1999,2000,2001,2002,2003,2004,2005,2006,2007,2008,2009,
1,1,0,3,2,2,5,3,2,2,0,3,0,0,3,1,
1994,1995,1996,1997,1998,1999,2000,2001,2002,2003,2004,2005,2006,2007,2008,2009,
2,0,3,6,9,8,17,14,16,22,9,14,25,23,23,13,
1994,1995,1996,1997,1998,1999,2000,2001,2002,2003,2004,2005,2006,2007,2008,2009,
1,0,1,1,3,0,2,0,1,2,1,0,0,0,1,1,
1993,1994,1995,1996,1997,1998,1999,2000,2001,2002,2003,2004,2005,2006,2007,2008,
2,0,2,1,1,0,0,3,0,0,0,2,1,2,2,1,
1993,1994,1995,1996,1997,1998,1999,2000,2001,2002,2003,2004,2005,2006,2007,2008,
2,2,1,1,2,3,0,1,2,2,0,1,0,1,0,1,
1994,1995,1996,1997,1998,1999,2000,2001,2002,2003,2004,2005,2006,2007,2008,2009,
2,3,0,0,4,6,8,5,7,5,1,6,2,4,6,15,
1993,1994,1995,1996,1997,1998,1999,2000,2001,2002,2003,2004,2005,2006,2007,2008,
1,1,3,2,0,0,2,3,0,3,2,1,0,0,0,1,
1994,1995,1996,1997,1998,1999,2000,2001,2002,2003,2004,2005,2006,2007,2008,2009,
2,1,0,2,0,1,0,0,2,0,1,0,1,1,1,1,
1994,1995,1996,1997,1998,1999,2000,2001,2002,2003,2004,2005,2006,2007,2008,2009,
1,1,2,11,4,5,2,1,7,3,1,1,0,0,2,1,
1993,1994,1995,1996,1997,1998,1999,2000,2001,2002,2003,2004,2005,2006,2007,2008,
1,0,6,0,6,1,3,2,2,1,0,0,1,1,1,3,
1994,1995,1996,1997,1998,1999,2000,2001,2002,2003,2004,2005,2006,2007,2008,2009,
3,16,8,7,5,3,4,3,4,2,3,2,1,2,2,1,
1994,1995,1996,1997,1998,1999,2000,2001,2002,2003,2004,2005,2006,2007,2008,2009,
2,4,5,5,5,5,10,5,5,3,5,1,1,2,0,1,
1994,1995,1996,1997,1998,1999,2000,2001,2002,2003,2004,2005,2006,2007,2008,2009,
5,10,6,11,4,3,9,4,3,6,4,9,1,5,4,4,
1993,1994,1995,1996,1997,1998,1999,2000,2001,2002,2003,2004,2005,2006,2007,2008,
2,2,3,0,1,0,0,5,1,0,2,1,1,0,2,1,
1994,1995,1996,1997,1998,1999,2000,2001,2002,2003,2004,2005,2006,2007,2008,2009,
2,1,5,4,1,3,6,2,2,0,0,1,0,0,1,1,
1994,1995,1996,1997,1998,1999,2000,2001,2002,2003,2004,2005,2006,2007,2008,2009,
2,6,1,6,0,1,2,3,6,2,1,3,0,1,1,1,
1994,1995,1996,1997,1998,1999,2000,2001,2002,2003,2004,2005,2006,2007,2008,2009,
1,4,5,1,0,0,1,0,1,0,0,1,0,0,1,1,
1993,1994,1995,1996,1997,1998,1999,2000,2001,2002,2003,2004,2005,2006,2007,2008,
3,2,1,1,1,1,0,0,1,0,0,0,0,0,1,1,
1994,1995,1996,1997,1998,1999,2000,2001,2002,2003,2004,2005,2006,2007,2008,2009,
1,2,2,4,0,0,1,0,1,2,1,0,0,0,1,1,
1994,1995,1996,1997,1998,1999,2000,2001,2002,2003,2004,2005,2006,2007,2008,2009,
1,1,0,0,1,0,0,1,3,1,0,1,1,1,0,1,
1993,1994,1995,1996,1997,1998,1999,2000,2001,2002,2003,2004,2005,2006,2007,2008,
2,0,1,0,7,0,1,1,1,1,0,0,2,0,1,1,
1994,1995,1996,1997,1998,1999,2000,2001,2002,2003,2004,2005,2006,2007,2008,2009,
2,3,2,1,3,5,3,2,5,3,1,2,0,1,0,1,
1994,1995,1996,1997,1998,1999,2000,2001,2002,2003,2004,2005,2006,2007,2008,2009,
1,0,0,1,1,1,0,7,4,3,0,1,0,1,0,2,
1994,1995,1996,1997,1998,1999,2000,2001,2002,2003,2004,2005,2006,2007,2008,2009,
1,1,1,7,3,6,9,9,5,4,3,2,4,7,3,7,
1994,1995,1996,1997,1998,1999,2000,2001,2002,2003,2004,2005,2006,2007,2008,2009,
1,0,0,2,0,1,0,1,1,0,1,4,2,3,0,1,
1994,1995,1996,1997,1998,1999,2000,2001,2002,2003,2004,2005,2006,2007,2008,2009,
1,0,3,3,2,2,5,6,8,6,9,1,2,1,2,2,
1993,1994,1995,1996,1997,1998,1999,2000,2001,2002,2003,2004,2005,2006,2007,2008,
1,0,2,0,10,1,1,2,1,3,1,2,1,0,2,5,
1994,1995,1996,1997,1998,1999,2000,2001,2002,2003,2004,2005,2006,2007,2008,2009,
1,1,0,0,0,0,2,0,3,3,1,2,1,3,11,8,
1993,1994,1995,1996,1997,1998,1999,2000,2001,2002,2003,2004,2005,2006,2007,2008,
1,0,0,1,1,1,0,2,2,1,2,0,0,1,0,1,
1994,1995,1996,1997,1998,1999,2000,2001,2002,2003,2004,2005,2006,2007,2008,2009,
2,1,2,0,0,2,1,2,0,1,4,2,0,0,0,6,
1993,1994,1995,1996,1997,1998,1999,2000,2001,2002,2003,2004,2005,2006,2007,2008,
1,0,3,2,0,3,1,2,1,1,0,1,0,0,5,2,
1994,1995,1996,1997,1998,1999,2000,2001,2002,2003,2004,2005,2006,2007,2008,2009,
5,4,1,2,1,0,1,1,1,0,1,1,0,0,0,2,
1994,1995,1996,1997,1998,1999,2000,2001,2002,2003,2004,2005,2006,2007,2008,2009,
1,3,1,0,1,3,6,6,2,3,1,1,1,1,1,2,
1994,1995,1996,1997,1998,1999,2000,2001,2002,2003,2004,2005,2006,2007,2008,2009,
1,2,1,5,2,1,1,2,1,2,1,3,1,3,1,1,
1993,1994,1995,1996,1997,1998,1999,2000,2001,2002,2003,2004,2005,2006,2007,2008,
1,0,0,0,1,1,1,0,1,2,2,0,1,0,1,1,
1993,1994,1995,1996,1997,1998,1999,2000,2001,2002,2003,2004,2005,2006,2007,2008,
1,2,3,2,4,1,1,5,3,1,2,0,0,0,0,2,
1992,1993,1994,1995,1996,1997,1998,1999,2000,2001,2002,2003,2004,2005,2006,2007,
1,1,0,0,1,0,1,0,1,1,0,0,1,0,1,1,
1994,1995,1996,1997,1998,1999,2000,2001,2002,2003,2004,2005,2006,2007,2008,2009,
2,0,1,1,1,3,1,0,6,0,1,1,1,2,1,1,
1981,1982,1983,1984,1985,1986,1987,1988,1989,1990,1991,1992,1993,1994,1995,1996,
3,4,0,0,0,1,2,3,1,3,1,1,0,1,1,1,
1992,1993,1994,1995,1996,1997,1998,1999,2000,2001,2002,2003,2004,2005,2006,2007,
1,0,0,0,1,1,0,0,1,1,2,0,2,2,0,1,
1993,1994,1995,1996,1997,1998,1999,2000,2001,2002,2003,2004,2005,2006,2007,2008,
1,1,0,0,5,2,3,3,0,0,12,1,0,2,3,1,
1987,1988,1989,1990,1991,1992,1993,1994,1995,1996,1997,1998,1999,2000,2001,2002,
2,5,3,3,2,2,2,0,1,0,0,1,0,2,2,3,
1994,1995,1996,1997,1998,1999,2000,2001,2002,2003,2004,2005,2006,2007,2008,2009,
1,0,1,6,3,4,5,3,2,3,2,3,4,1,0,4,
1993,1994,1995,1996,1997,1998,1999,2000,2001,2002,2003,2004,2005,2006,2007,2008,
1,0,0,0,1,4,5,6,1,3,1,1,1,0,0,1,
1994,1995,1996,1997,1998,1999,2000,2001,2002,2003,2004,2005,2006,2007,2008,2009,
1,0,0,7,2,0,1,9,0,5,0,7,2,2,3,1,
1990,1991,1992,1993,1994,1995,1996,1997,1998,1999,2000,2001,2002,2003,2004,2005,
4,3,8,1,0,5,0,0,0,1,0,1,0,1,0,1,
1994,1995,1996,1997,1998,1999,2000,2001,2002,2003,2004,2005,2006,2007,2008,2009,
1,3,1,2,3,4,6,12,1,5,1,4,2,8,5,8,
1994,1995,1996,1997,1998,1999,2000,2001,2002,2003,2004,2005,2006,2007,2008,2009,
1,2,0,3,3,3,4,4,7,3,1,4,3,5,8,3,
1994,1995,1996,1997,1998,1999,2000,2001,2002,2003,2004,2005,2006,2007,2008,2009,
1,0,1,0,1,0,1,0,0,1,0,2,0,3,1,2,
1993,1994,1995,1996,1997,1998,1999,2000,2001,2002,2003,2004,2005,2006,2007,2008,
1,1,1,1,0,0,0,0,1,1,1,0,0,0,1,1,
1994,1995,1996,1997,1998,1999,2000,2001,2002,2003,2004,2005,2006,2007,2008,2009,
1,1,0,0,1,1,1,1,0,1,1,1,2,0,1,1,
1994,1995,1996,1997,1998,1999,2000,2001,2002,2003,2004,2005,2006,2007,2008,2009,
3,4,0,0,4,6,4,11,5,3,17,13,39,16,22,32,
1994,1995,1996,1997,1998,1999,2000,2001,2002,2003,2004,2005,2006,2007,2008,2009,
1,0,0,0,1,1,5,4,6,1,2,3,14,8,5,8,
1993,1994,1995,1996,1997,1998,1999,2000,2001,2002,2003,2004,2005,2006,2007,2008,
2,0,0,1,1,0,1,2,0,0,1,0,0,1,1,1,
1982,1983,1984,1985,1986,1987,1988,1989,1990,1991,1992,1993,1994,1995,1996,1997,
2,3,5,2,1,4,1,4,2,2,2,2,0,1,1,1,
1978,1979,1980,1981,1982,1983,1984,1985,1986,1987,1988,1989,1990,1991,1992,1993,
1,2,1,2,1,1,1,0,0,1,0,0,0,0,0,1,
1975,1976,1977,1978,1979,1980,1981,1982,1983,1984,1985,1986,1987,1988,1989,1990,
3,1,5,3,1,3,1,1,2,1,0,0,1,0,0,1,
1984,1985,1986,1987,1988,1989,1990,1991,1992,1993,1994,1995,1996,1997,1998,1999,
1,1,0,1,1,1,1,2,2,1,0,0,0,0,0,1,
1978,1979,1980,1981,1982,1983,1984,1985,1986,1987,1988,1989,1990,1991,1992,1993,
2,0,3,1,4,0,4,0,1,1,2,1,0,0,0,1,
1981,1982,1983,1984,1985,1986,1987,1988,1989,1990,1991,1992,1993,1994,1995,1996,
1,1,6,4,4,0,1,1,2,4,2,1,0,0,0,1,
1976,1977,1978,1979,1980,1981,1982,1983,1984,1985,1986,1987,1988,1989,1990,1991,
2,2,3,1,1,5,1,2,1,0,0,0,1,0,0,1,
1994,1995,1996,1997,1998,1999,2000,2001,2002,2003,2004,2005,2006,2007,2008,2009,
2,7,4,10,7,3,8,12,10,5,5,3,4,7,5,10,
1993,1994,1995,1996,1997,1998,1999,2000,2001,2002,2003,2004,2005,2006,2007,2008,
1,2,4,4,4,1,1,2,2,2,3,0,0,2,0,3,
1993,1994,1995,1996,1997,1998,1999,2000,2001,2002,2003,2004,2005,2006,2007,2008,
5,0,1,2,2,3,0,4,1,3,2,1,1,0,0,1,
1993,1994,1995,1996,1997,1998,1999,2000,2001,2002,2003,2004,2005,2006,2007,2008,
4,1,1,3,0,0,1,1,0,0,2,1,0,0,2,1,
1991,1992,1993,1994,1995,1996,1997,1998,1999,2000,2001,2002,2003,2004,2005,2006,
1,1,1,1,1,0,1,1,1,0,0,0,0,0,0,3,
1990,1991,1992,1993,1994,1995,1996,1997,1998,1999,2000,2001,2002,2003,2004,2005,
3,2,1,6,1,1,2,0,0,0,1,1,0,0,0,1,
1993,1994,1995,1996,1997,1998,1999,2000,2001,2002,2003,2004,2005,2006,2007,2008,
1,1,1,0,2,3,1,0,2,5,1,0,0,0,2,1,
1991,1992,1993,1994,1995,1996,1997,1998,1999,2000,2001,2002,2003,2004,2005,2006,
1,2,2,0,3,0,0,1,1,3,0,5,0,0,0,1,
1994,1995,1996,1997,1998,1999,2000,2001,2002,2003,2004,2005,2006,2007,2008,2009,
1,2,0,0,0,0,0,2,4,1,1,1,1,0,1,1,
1994,1995,1996,1997,1998,1999,2000,2001,2002,2003,2004,2005,2006,2007,2008,2009,
1,1,1,0,3,1,2,3,0,0,0,1,1,0,2,1,
1994,1995,1996,1997,1998,1999,2000,2001,2002,2003,2004,2005,2006,2007,2008,2009,
1,0,1,1,1,0,1,1,1,0,0,0,0,0,1,1,
1993,1994,1995,1996,1997,1998,1999,2000,2001,2002,2003,2004,2005,2006,2007,2008,
3,0,3,2,3,6,1,2,0,1,0,0,0,0,0,1,
1990,1991,1992,1993,1994,1995,1996,1997,1998,1999,2000,2001,2002,2003,2004,2005,
1,1,2,1,0,2,0,0,1,2,2,0,0,0,0,1,
1982,1983,1984,1985,1986,1987,1988,1989,1990,1991,1992,1993,1994,1995,1996,1997,
2,2,2,0,2,1,0,0,4,3,0,1,1,1,1,1,
1994,1995,1996,1997,1998,1999,2000,2001,2002,2003,2004,2005,2006,2007,2008,2009,
2,5,3,2,2,1,4,5,0,2,3,1,0,0,2,3,
1988,1989,1990,1991,1992,1993,1994,1995,1996,1997,1998,1999,2000,2001,2002,2003,
3,1,5,5,2,4,0,2,2,1,0,1,1,0,1,1,
1994,1995,1996,1997,1998,1999,2000,2001,2002,2003,2004,2005,2006,2007,2008,2009,
2,1,0,1,0,0,2,1,0,1,0,0,0,3,4,4,
1994,1995,1996,1997,1998,1999,2000,2001,2002,2003,2004,2005,2006,2007,2008,2009,
1,0,1,0,0,0,2,0,0,1,2,0,3,2,6,7,
1992,1993,1994,1995,1996,1997,1998,1999,2000,2001,2002,2003,2004,2005,2006,2007,
1,0,0,1,0,3,0,1,0,1,1,2,0,1,0,1,
1993,1994,1995,1996,1997,1998,1999,2000,2001,2002,2003,2004,2005,2006,2007,2008,
3,6,1,1,4,8,3,5,6,0,1,2,0,2,4,5,
1993,1994,1995,1996,1997,1998,1999,2000,2001,2002,2003,2004,2005,2006,2007,2008,
2,2,3,2,0,3,0,0,0,1,0,0,0,2,1,1,
1990,1991,1992,1993,1994,1995,1996,1997,1998,1999,2000,2001,2002,2003,2004,2005,
1,5,2,1,0,3,2,0,0,0,1,0,1,0,0,1,
1990,1991,1992,1993,1994,1995,1996,1997,1998,1999,2000,2001,2002,2003,2004,2005,
2,9,4,5,1,6,5,3,4,2,3,0,4,1,0,1,
1992,1993,1994,1995,1996,1997,1998,1999,2000,2001,2002,2003,2004,2005,2006,2007,
1,1,1,1,0,0,1,2,2,1,0,0,0,0,0,1,
1992,1993,1994,1995,1996,1997,1998,1999,2000,2001,2002,2003,2004,2005,2006,2007,
2,1,2,7,2,1,4,2,0,2,1,0,1,0,0,3,
1993,1994,1995,1996,1997,1998,1999,2000,2001,2002,2003,2004,2005,2006,2007,2008,
2,0,3,2,0,3,0,1,2,2,1,0,1,0,2,2,
1994,1995,1996,1997,1998,1999,2000,2001,2002,2003,2004,2005,2006,2007,2008,2009,
1,9,4,6,1,1,3,2,3,1,1,1,1,0,2,1,
1993,1994,1995,1996,1997,1998,1999,2000,2001,2002,2003,2004,2005,2006,2007,2008,
1,1,1,2,1,1,1,0,0,1,0,0,1,0,0,1,
1990,1991,1992,1993,1994,1995,1996,1997,1998,1999,2000,2001,2002,2003,2004,2005,
1,0,0,2,0,0,0,0,3,2,1,1,3,0,1,1,
1992,1993,1994,1995,1996,1997,1998,1999,2000,2001,2002,2003,2004,2005,2006,2007,
1,0,0,0,0,0,1,2,2,3,3,5,0,4,1,2,
1993,1994,1995,1996,1997,1998,1999,2000,2001,2002,2003,2004,2005,2006,2007,2008,
3,8,9,0,3,0,0,3,6,1,0,0,1,0,0,1,
1993,1994,1995,1996,1997,1998,1999,2000,2001,2002,2003,2004,2005,2006,2007,2008,
1,0,6,1,2,5,3,1,0,3,0,0,0,1,1,1,
1994,1995,1996,1997,1998,1999,2000,2001,2002,2003,2004,2005,2006,2007,2008,2009,
1,2,2,1,1,1,2,4,1,2,1,2,0,9,6,2,
1994,1995,1996,1997,1998,1999,2000,2001,2002,2003,2004,2005,2006,2007,2008,2009,
1,5,1,5,0,2,0,6,0,1,0,1,0,0,0,2,
1994,1995,1996,1997,1998,1999,2000,2001,2002,2003,2004,2005,2006,2007,2008,2009,
1,4,3,2,1,5,0,0,2,0,2,1,2,3,0,1,
1993,1994,1995,1996,1997,1998,1999,2000,2001,2002,2003,2004,2005,2006,2007,2008,
1,1,3,2,3,1,2,0,1,1,0,0,1,1,0,1,
1991,1992,1993,1994,1995,1996,1997,1998,1999,2000,2001,2002,2003,2004,2005,2006,
1,1,2,2,0,0,1,0,2,0,0,0,1,0,1,1,
1994,1995,1996,1997,1998,1999,2000,2001,2002,2003,2004,2005,2006,2007,2008,2009,
3,11,8,9,3,2,4,17,4,2,0,1,1,6,1,1,
1990,1991,1992,1993,1994,1995,1996,1997,1998,1999,2000,2001,2002,2003,2004,2005,
2,2,0,0,0,0,0,3,1,0,1,1,0,1,2,1,
1993,1994,1995,1996,1997,1998,1999,2000,2001,2002,2003,2004,2005,2006,2007,2008,
1,1,1,0,0,0,0,2,0,1,2,1,0,2,0,1,
1993,1994,1995,1996,1997,1998,1999,2000,2001,2002,2003,2004,2005,2006,2007,2008,
1,1,1,0,0,1,0,2,1,3,1,2,0,0,1,1,
1994,1995,1996,1997,1998,1999,2000,2001,2002,2003,2004,2005,2006,2007,2008,2009,
2,12,8,7,10,7,6,21,3,2,2,1,2,3,1,5,
1994,1995,1996,1997,1998,1999,2000,2001,2002,2003,2004,2005,2006,2007,2008,2009,
1,1,0,2,1,0,4,0,3,3,3,5,1,1,2,2,
1990,1991,1992,1993,1994,1995,1996,1997,1998,1999,2000,2001,2002,2003,2004,2005,
1,2,1,1,3,1,0,1,1,0,0,1,0,0,0,1,
1989,1990,1991,1992,1993,1994,1995,1996,1997,1998,1999,2000,2001,2002,2003,2004,
2,1,4,1,2,1,0,0,1,0,0,0,1,0,0,1,
1992,1993,1994,1995,1996,1997,1998,1999,2000,2001,2002,2003,2004,2005,2006,2007,
2,2,0,0,0,0,1,0,1,1,2,8,1,0,0,1,
1989,1990,1991,1992,1993,1994,1995,1996,1997,1998,1999,2000,2001,2002,2003,2004,
1,0,4,0,1,2,2,0,0,1,1,0,1,0,1,1,
1993,1994,1995,1996,1997,1998,1999,2000,2001,2002,2003,2004,2005,2006,2007,2008,
4,1,2,0,3,0,2,1,2,1,1,1,0,1,0,1,
1991,1992,1993,1994,1995,1996,1997,1998,1999,2000,2001,2002,2003,2004,2005,2006,
1,1,0,0,1,0,1,0,0,3,0,1,0,1,3,1,
1992,1993,1994,1995,1996,1997,1998,1999,2000,2001,2002,2003,2004,2005,2006,2007,
5,3,5,0,2,1,0,3,3,1,0,3,1,0,1,1,
1990,1991,1992,1993,1994,1995,1996,1997,1998,1999,2000,2001,2002,2003,2004,2005,
1,3,3,5,1,5,2,2,3,0,1,0,1,0,1,1,
1990,1991,1992,1993,1994,1995,1996,1997,1998,1999,2000,2001,2002,2003,2004,2005,
4,5,3,1,0,5,0,1,0,1,0,0,1,0,1,1,
1990,1991,1992,1993,1994,1995,1996,1997,1998,1999,2000,2001,2002,2003,2004,2005,
3,3,0,3,1,0,0,1,0,0,0,0,1,1,1,1,
1991,1992,1993,1994,1995,1996,1997,1998,1999,2000,2001,2002,2003,2004,2005,2006,
1,2,1,1,2,1,1,2,0,1,1,0,0,0,0,1,
1991,1992,1993,1994,1995,1996,1997,1998,1999,2000,2001,2002,2003,2004,2005,2006,
1,1,1,4,2,1,1,1,0,1,0,0,0,0,0,1,
1990,1991,1992,1993,1994,1995,1996,1997,1998,1999,2000,2001,2002,2003,2004,2005,
1,6,1,1,2,2,0,0,1,1,0,1,1,1,0,1,
1994,1995,1996,1997,1998,1999,2000,2001,2002,2003,2004,2005,2006,2007,2008,2009,
1,1,0,0,0,1,1,0,5,2,0,4,2,1,3,3,
1988,1989,1990,1991,1992,1993,1994,1995,1996,1997,1998,1999,2000,2001,2002,2003,
1,2,3,4,0,0,0,1,0,1,1,0,0,0,3,1,
1989,1990,1991,1992,1993,1994,1995,1996,1997,1998,1999,2000,2001,2002,2003,2004,
1,1,13,4,4,2,2,3,2,2,0,0,0,1,0,1,
1989,1990,1991,1992,1993,1994,1995,1996,1997,1998,1999,2000,2001,2002,2003,2004,
1,2,1,2,3,1,2,0,1,1,0,1,1,0,0,1,
1990,1991,1992,1993,1994,1995,1996,1997,1998,1999,2000,2001,2002,2003,2004,2005,
3,0,5,2,1,2,0,1,1,1,0,3,1,0,0,1,
1988,1989,1990,1991,1992,1993,1994,1995,1996,1997,1998,1999,2000,2001,2002,2003,
1,5,3,2,0,1,0,0,1,1,1,0,0,0,0,1,
1989,1990,1991,1992,1993,1994,1995,1996,1997,1998,1999,2000,2001,2002,2003,2004,
1,0,1,1,0,0,1,4,0,1,1,0,0,1,0,1,
1992,1993,1994,1995,1996,1997,1998,1999,2000,2001,2002,2003,2004,2005,2006,2007,
1,1,1,1,0,1,0,1,1,1,1,1,1,0,0,1,
1992,1993,1994,1995,1996,1997,1998,1999,2000,2001,2002,2003,2004,2005,2006,2007,
1,2,0,1,1,1,0,1,2,2,0,0,0,0,0,2,
1990,1991,1992,1993,1994,1995,1996,1997,1998,1999,2000,2001,2002,2003,2004,2005,
4,5,4,3,0,6,2,6,1,1,0,1,0,0,0,1,
1990,1991,1992,1993,1994,1995,1996,1997,1998,1999,2000,2001,2002,2003,2004,2005,
1,2,1,0,6,0,0,3,0,1,1,1,0,0,1,1,
1989,1990,1991,1992,1993,1994,1995,1996,1997,1998,1999,2000,2001,2002,2003,2004,
1,1,3,1,2,0,4,2,0,1,0,1,3,0,0,1,
1987,1988,1989,1990,1991,1992,1993,1994,1995,1996,1997,1998,1999,2000,2001,2002,
1,0,1,2,6,1,0,0,2,0,0,0,0,2,1,2,
1991,1992,1993,1994,1995,1996,1997,1998,1999,2000,2001,2002,2003,2004,2005,2006,
1,5,2,0,1,1,1,1,0,0,2,0,0,0,0,1,
1991,1992,1993,1994,1995,1996,1997,1998,1999,2000,2001,2002,2003,2004,2005,2006,
1,1,1,0,1,1,0,0,2,2,1,1,0,2,2,1,
1989,1990,1991,1992,1993,1994,1995,1996,1997,1998,1999,2000,2001,2002,2003,2004,
2,0,3,5,2,3,2,0,2,1,0,1,0,0,0,1,
1987,1988,1989,1990,1991,1992,1993,1994,1995,1996,1997,1998,1999,2000,2001,2002,
1,2,2,2,1,2,2,0,0,0,0,0,0,1,0,1,
1990,1991,1992,1993,1994,1995,1996,1997,1998,1999,2000,2001,2002,2003,2004,2005,
1,1,1,2,1,1,0,0,0,0,0,0,2,0,1,1,
1993,1994,1995,1996,1997,1998,1999,2000,2001,2002,2003,2004,2005,2006,2007,2008,
2,0,3,0,2,3,2,3,0,0,2,0,0,1,0,2,
1987,1988,1989,1990,1991,1992,1993,1994,1995,1996,1997,1998,1999,2000,2001,2002,
1,1,2,5,2,3,4,0,3,1,3,0,0,0,0,1,
1989,1990,1991,1992,1993,1994,1995,1996,1997,1998,1999,2000,2001,2002,2003,2004,
3,1,1,1,2,4,1,0,0,0,1,0,0,0,1,1,
1991,1992,1993,1994,1995,1996,1997,1998,1999,2000,2001,2002,2003,2004,2005,2006,
1,3,2,3,5,5,3,1,0,2,3,2,2,0,0,1,
1987,1988,1989,1990,1991,1992,1993,1994,1995,1996,1997,1998,1999,2000,2001,2002,
1,0,2,1,3,2,0,2,2,1,0,1,1,1,0,1,
1991,1992,1993,1994,1995,1996,1997,1998,1999,2000,2001,2002,2003,2004,2005,2006,
2,0,2,0,0,1,1,0,2,1,0,1,0,0,1,1,
1990,1991,1992,1993,1994,1995,1996,1997,1998,1999,2000,2001,2002,2003,2004,2005,
2,1,2,2,1,1,0,2,0,0,0,0,1,0,0,2,
1988,1989,1990,1991,1992,1993,1994,1995,1996,1997,1998,1999,2000,2001,2002,2003,
1,0,1,0,1,1,1,2,2,1,0,0,0,0,0,1,
1992,1993,1994,1995,1996,1997,1998,1999,2000,2001,2002,2003,2004,2005,2006,2007,
2,1,0,0,0,2,1,1,0,3,1,1,0,0,1,2,
1991,1992,1993,1994,1995,1996,1997,1998,1999,2000,2001,2002,2003,2004,2005,2006,
2,4,3,0,4,1,2,3,4,2,2,1,1,1,0,1,
1988,1989,1990,1991,1992,1993,1994,1995,1996,1997,1998,1999,2000,2001,2002,2003,
2,2,2,2,2,2,3,3,1,1,1,0,0,1,1,1,
1991,1992,1993,1994,1995,1996,1997,1998,1999,2000,2001,2002,2003,2004,2005,2006,
2,4,5,0,1,2,4,3,2,2,5,1,0,1,2,1,
1994,1995,1996,1997,1998,1999,2000,2001,2002,2003,2004,2005,2006,2007,2008,2009,
6,6,6,0,1,0,3,1,2,0,0,1,0,4,1,1,
1993,1994,1995,1996,1997,1998,1999,2000,2001,2002,2003,2004,2005,2006,2007,2008,
1,1,1,0,1,0,1,3,1,1,1,0,0,1,0,1,
1994,1995,1996,1997,1998,1999,2000,2001,2002,2003,2004,2005,2006,2007,2008,2009,
1,6,4,2,2,0,1,2,4,8,2,2,2,1,0,1,
1992,1993,1994,1995,1996,1997,1998,1999,2000,2001,2002,2003,2004,2005,2006,2007,
1,1,0,0,0,0,1,1,1,1,4,0,0,1,5,2,
1994,1995,1996,1997,1998,1999,2000,2001,2002,2003,2004,2005,2006,2007,2008,2009,
1,1,0,0,0,1,1,2,1,2,1,1,0,0,2,2,
1992,1993,1994,1995,1996,1997,1998,1999,2000,2001,2002,2003,2004,2005,2006,2007,
6,4,3,1,0,2,3,5,1,3,2,1,1,1,0,1,
1993,1994,1995,1996,1997,1998,1999,2000,2001,2002,2003,2004,2005,2006,2007,2008,
1,3,1,3,6,3,1,4,3,1,1,2,1,1,0,4,
1994,1995,1996,1997,1998,1999,2000,2001,2002,2003,2004,2005,2006,2007,2008,2009,
1,1,1,0,2,2,2,1,3,3,1,1,2,0,4,3,
1990,1991,1992,1993,1994,1995,1996,1997,1998,1999,2000,2001,2002,2003,2004,2005,
1,1,1,3,1,0,0,0,0,1,1,0,0,0,1,1,
1993,1994,1995,1996,1997,1998,1999,2000,2001,2002,2003,2004,2005,2006,2007,2008,
1,0,0,0,1,0,1,1,2,0,0,2,0,1,1,1,
1994,1995,1996,1997,1998,1999,2000,2001,2002,2003,2004,2005,2006,2007,2008,2009,
1,0,0,4,2,0,1,1,1,1,1,0,0,0,3,1,
1994,1995,1996,1997,1998,1999,2000,2001,2002,2003,2004,2005,2006,2007,2008,2009,
4,4,0,8,3,2,2,4,4,1,0,2,1,3,0,1,
1992,1993,1994,1995,1996,1997,1998,1999,2000,2001,2002,2003,2004,2005,2006,2007,
2,3,3,2,4,5,3,3,0,4,1,2,0,0,2,1,
1993,1994,1995,1996,1997,1998,1999,2000,2001,2002,2003,2004,2005,2006,2007,2008,
2,0,3,3,2,0,0,1,1,1,1,0,0,0,0,2,
1991,1992,1993,1994,1995,1996,1997,1998,1999,2000,2001,2002,2003,2004,2005,2006,
2,2,4,4,2,0,0,0,1,1,1,0,0,0,0,1,
1992,1993,1994,1995,1996,1997,1998,1999,2000,2001,2002,2003,2004,2005,2006,2007,
1,1,1,0,0,1,0,1,0,0,1,0,1,0,1,1,
1994,1995,1996,1997,1998,1999,2000,2001,2002,2003,2004,2005,2006,2007,2008,2009,
1,0,0,0,0,0,3,1,6,2,1,0,9,3,7,9,
1994,1995,1996,1997,1998,1999,2000,2001,2002,2003,2004,2005,2006,2007,2008,2009,
2,2,0,1,1,1,2,2,3,7,4,2,4,8,5,6,
1993,1994,1995,1996,1997,1998,1999,2000,2001,2002,2003,2004,2005,2006,2007,2008,
2,0,2,2,2,6,2,3,1,3,1,0,1,0,0,2,
1991,1992,1993,1994,1995,1996,1997,1998,1999,2000,2001,2002,2003,2004,2005,2006,
1,3,2,2,4,1,2,1,1,0,1,2,0,1,3,1,
1991,1992,1993,1994,1995,1996,1997,1998,1999,2000,2001,2002,2003,2004,2005,2006,
1,1,0,2,1,0,3,0,2,2,0,0,1,1,0,2,
1993,1994,1995,1996,1997,1998,1999,2000,2001,2002,2003,2004,2005,2006,2007,2008,
1,0,1,0,1,0,0,2,1,1,0,1,1,0,0,1,
1994,1995,1996,1997,1998,1999,2000,2001,2002,2003,2004,2005,2006,2007,2008,2009,
1,1,0,0,1,2,1,2,1,1,1,1,0,0,0,1,
1993,1994,1995,1996,1997,1998,1999,2000,2001,2002,2003,2004,2005,2006,2007,2008,
4,0,2,1,2,0,1,1,1,3,0,4,0,1,0,1,
1994,1995,1996,1997,1998,1999,2000,2001,2002,2003,2004,2005,2006,2007,2008,2009,
1,1,0,0,1,2,1,0,0,0,0,0,1,1,2,1,
1993,1994,1995,1996,1997,1998,1999,2000,2001,2002,2003,2004,2005,2006,2007,2008,
9,10,18,1,5,4,1,5,5,3,2,0,1,2,2,1,
1993,1994,1995,1996,1997,1998,1999,2000,2001,2002,2003,2004,2005,2006,2007,2008,
1,2,2,7,1,1,0,1,2,1,0,0,0,1,0,1,
1994,1995,1996,1997,1998,1999,2000,2001,2002,2003,2004,2005,2006,2007,2008,2009,
1,0,0,1,0,0,1,1,2,3,0,0,8,3,2,2,
1994,1995,1996,1997,1998,1999,2000,2001,2002,2003,2004,2005,2006,2007,2008,2009,
1,2,0,1,1,0,0,4,1,2,0,1,2,0,1,2,
1993,1994,1995,1996,1997,1998,1999,2000,2001,2002,2003,2004,2005,2006,2007,2008,
2,2,1,1,1,0,1,0,1,0,0,0,0,1,0,1,
1993,1994,1995,1996,1997,1998,1999,2000,2001,2002,2003,2004,2005,2006,2007,2008,
1,0,1,1,1,0,0,0,0,2,2,0,1,0,1,1,
1993,1994,1995,1996,1997,1998,1999,2000,2001,2002,2003,2004,2005,2006,2007,2008,
1,1,0,1,0,0,1,2,0,3,2,1,0,2,1,1,
1994,1995,1996,1997,1998,1999,2000,2001,2002,2003,2004,2005,2006,2007,2008,2009,
3,4,0,1,2,2,4,5,4,3,2,0,0,5,3,4,
1992,1993,1994,1995,1996,1997,1998,1999,2000,2001,2002,2003,2004,2005,2006,2007,
2,4,2,1,0,3,1,0,1,1,0,1,0,0,1,2,
1993,1994,1995,1996,1997,1998,1999,2000,2001,2002,2003,2004,2005,2006,2007,2008,
1,0,1,4,3,1,0,3,1,3,1,1,0,0,0,1,
1993,1994,1995,1996,1997,1998,1999,2000,2001,2002,2003,2004,2005,2006,2007,2008,
2,2,14,5,8,2,7,11,7,5,2,2,1,2,1,4,
1994,1995,1996,1997,1998,1999,2000,2001,2002,2003,2004,2005,2006,2007,2008,2009,
1,1,0,1,0,1,1,10,9,3,0,2,0,7,0,2,
1992,1993,1994,1995,1996,1997,1998,1999,2000,2001,2002,2003,2004,2005,2006,2007,
1,1,2,5,1,0,1,3,0,0,0,1,1,0,1,1,
1994,1995,1996,1997,1998,1999,2000,2001,2002,2003,2004,2005,2006,2007,2008,2009,
1,2,0,3,2,3,5,8,10,1,5,3,4,3,6,7,
1995,1996,1997,1998,1999,2000,2001,2002,2003,2004,2005,2006,2007,2008,2009,2010,
1,0,1,0,6,3,8,9,6,6,4,2,10,11,15,2,
1994,1995,1996,1997,1998,1999,2000,2001,2002,2003,2004,2005,2006,2007,2008,2009,
1,1,0,5,1,0,1,5,0,3,0,0,3,2,0,1,
1994,1995,1996,1997,1998,1999,2000,2001,2002,2003,2004,2005,2006,2007,2008,2009,
1,1,0,0,1,1,0,2,1,2,0,1,0,4,1,1,
1992,1993,1994,1995,1996,1997,1998,1999,2000,2001,2002,2003,2004,2005,2006,2007,
2,4,0,5,3,6,5,5,6,1,4,1,3,2,2,2,
1992,1993,1994,1995,1996,1997,1998,1999,2000,2001,2002,2003,2004,2005,2006,2007,
2,3,0,1,0,1,0,0,0,1,1,1,1,0,1,1,
1993,1994,1995,1996,1997,1998,1999,2000,2001,2002,2003,2004,2005,2006,2007,2008,
2,1,5,3,2,1,1,1,0,1,2,1,1,1,1,1,
1993,1994,1995,1996,1997,1998,1999,2000,2001,2002,2003,2004,2005,2006,2007,2008,
1,0,1,2,1,2,0,2,3,5,0,0,2,0,1,1,
1993,1994,1995,1996,1997,1998,1999,2000,2001,2002,2003,2004,2005,2006,2007,2008,
3,0,1,0,1,2,0,2,2,2,2,1,1,1,3,1,
1994,1995,1996,1997,1998,1999,2000,2001,2002,2003,2004,2005,2006,2007,2008,2009,
1,1,0,2,0,0,1,1,0,3,0,1,0,1,0,2,
1993,1994,1995,1996,1997,1998,1999,2000,2001,2002,2003,2004,2005,2006,2007,2008,
3,2,2,2,2,5,6,5,5,6,5,2,3,1,6,1,
1993,1994,1995,1996,1997,1998,1999,2000,2001,2002,2003,2004,2005,2006,2007,2008,
7,0,2,4,3,0,1,2,2,0,1,0,0,0,0,2,
1993,1994,1995,1996,1997,1998,1999,2000,2001,2002,2003,2004,2005,2006,2007,2008,
3,1,0,0,3,1,0,1,0,1,0,1,1,0,0,1,
1993,1994,1995,1996,1997,1998,1999,2000,2001,2002,2003,2004,2005,2006,2007,2008,
4,1,3,0,4,2,1,1,1,0,0,0,0,0,0,1,
1993,1994,1995,1996,1997,1998,1999,2000,2001,2002,2003,2004,2005,2006,2007,2008,
3,1,2,0,0,0,0,0,2,0,0,1,1,1,1,1,
1992,1993,1994,1995,1996,1997,1998,1999,2000,2001,2002,2003,2004,2005,2006,2007,
6,4,1,1,0,0,2,1,1,1,5,1,0,2,1,1,
1992,1993,1994,1995,1996,1997,1998,1999,2000,2001,2002,2003,2004,2005,2006,2007,
4,7,1,5,4,1,2,3,2,2,2,0,0,1,0,2,
1992,1993,1994,1995,1996,1997,1998,1999,2000,2001,2002,2003,2004,2005,2006,2007,
1,2,2,1,0,1,0,0,0,1,1,1,0,1,0,1,
1994,1995,1996,1997,1998,1999,2000,2001,2002,2003,2004,2005,2006,2007,2008,2009,
2,5,1,3,1,1,2,3,10,5,0,8,0,7,3,4,
1994,1995,1996,1997,1998,1999,2000,2001,2002,2003,2004,2005,2006,2007,2008,2009,
1,3,0,0,0,0,4,1,2,4,0,1,3,1,5,2,
1991,1992,1993,1994,1995,1996,1997,1998,1999,2000,2001,2002,2003,2004,2005,2006,
1,0,1,0,3,1,0,0,1,1,0,1,1,0,0,1,
1991,1992,1993,1994,1995,1996,1997,1998,1999,2000,2001,2002,2003,2004,2005,2006,
4,5,2,5,3,2,2,2,0,0,2,1,0,1,2,1,
1993,1994,1995,1996,1997,1998,1999,2000,2001,2002,2003,2004,2005,2006,2007,2008,
1,0,0,1,1,0,1,1,1,0,0,2,0,1,0,1,
1994,1995,1996,1997,1998,1999,2000,2001,2002,2003,2004,2005,2006,2007,2008,2009,
1,7,2,3,3,4,3,3,5,5,0,3,0,3,4,5,
1992,1993,1994,1995,1996,1997,1998,1999,2000,2001,2002,2003,2004,2005,2006,2007,
1,0,2,2,1,1,0,1,0,0,1,0,1,1,1,2,
1994,1995,1996,1997,1998,1999,2000,2001,2002,2003,2004,2005,2006,2007,2008,2009,
1,0,0,1,1,1,0,1,1,2,0,0,1,1,1,3,
1992,1993,1994,1995,1996,1997,1998,1999,2000,2001,2002,2003,2004,2005,2006,2007,
1,0,2,0,0,4,0,1,1,1,1,0,0,1,0,1,
1994,1995,1996,1997,1998,1999,2000,2001,2002,2003,2004,2005,2006,2007,2008,2009,
1,2,1,4,3,2,3,1,2,6,2,0,1,3,2,1,
1992,1993,1994,1995,1996,1997,1998,1999,2000,2001,2002,2003,2004,2005,2006,2007,
1,2,0,1,1,2,2,0,1,1,3,3,0,0,1,1,
1992,1993,1994,1995,1996,1997,1998,1999,2000,2001,2002,2003,2004,2005,2006,2007,
5,6,6,4,2,2,2,1,2,1,1,3,0,0,1,2,
1994,1995,1996,1997,1998,1999,2000,2001,2002,2003,2004,2005,2006,2007,2008,2009,
1,2,0,3,0,0,2,0,0,2,0,1,2,1,1,2,
1994,1995,1996,1997,1998,1999,2000,2001,2002,2003,2004,2005,2006,2007,2008,2009,
1,0,0,0,1,2,1,0,6,1,1,1,2,6,1,8,
1994,1995,1996,1997,1998,1999,2000,2001,2002,2003,2004,2005,2006,2007,2008,2009,
1,0,0,2,1,2,1,0,0,1,1,1,2,4,2,1,
1994,1995,1996,1997,1998,1999,2000,2001,2002,2003,2004,2005,2006,2007,2008,2009,
1,1,0,1,1,1,6,0,3,3,4,4,0,2,3,2,
1992,1993,1994,1995,1996,1997,1998,1999,2000,2001,2002,2003,2004,2005,2006,2007,
1,0,0,5,2,2,1,1,2,0,0,0,1,0,0,1,
1993,1994,1995,1996,1997,1998,1999,2000,2001,2002,2003,2004,2005,2006,2007,2008,
2,0,2,1,2,2,0,2,3,4,2,1,0,0,1,3,
1993,1994,1995,1996,1997,1998,1999,2000,2001,2002,2003,2004,2005,2006,2007,2008,
4,0,0,0,1,1,0,0,0,2,1,0,1,1,1,1,
1992,1993,1994,1995,1996,1997,1998,1999,2000,2001,2002,2003,2004,2005,2006,2007,
2,0,1,2,1,5,1,0,0,2,5,0,2,3,2,1,
1992,1993,1994,1995,1996,1997,1998,1999,2000,2001,2002,2003,2004,2005,2006,2007,
1,3,0,2,0,1,0,0,2,0,2,1,1,1,0,1,
1994,1995,1996,1997,1998,1999,2000,2001,2002,2003,2004,2005,2006,2007,2008,2009,
2,1,2,1,0,0,2,1,2,0,0,1,2,1,3,1,
1993,1994,1995,1996,1997,1998,1999,2000,2001,2002,2003,2004,2005,2006,2007,2008,
1,0,0,1,0,1,2,1,1,1,1,0,0,1,0,1,
1993,1994,1995,1996,1997,1998,1999,2000,2001,2002,2003,2004,2005,2006,2007,2008,
1,1,0,0,1,0,0,1,3,1,0,1,1,0,2,4,
1993,1994,1995,1996,1997,1998,1999,2000,2001,2002,2003,2004,2005,2006,2007,2008,
1,1,2,0,1,1,0,0,1,1,1,0,0,1,0,3,
1994,1995,1996,1997,1998,1999,2000,2001,2002,2003,2004,2005,2006,2007,2008,2009,
1,0,0,0,2,0,2,1,3,1,1,1,0,1,0,1,
1992,1993,1994,1995,1996,1997,1998,1999,2000,2001,2002,2003,2004,2005,2006,2007,
1,1,1,1,0,2,2,1,1,2,0,0,0,0,0,1,
1995,1996,1997,1998,1999,2000,2001,2002,2003,2004,2005,2006,2007,2008,2009,2010,
4,1,5,4,2,11,14,14,15,16,7,11,12,19,11,1,
1993,1994,1995,1996,1997,1998,1999,2000,2001,2002,2003,2004,2005,2006,2007,2008,
3,0,4,0,2,1,0,2,2,1,0,0,0,0,1,4,
1992,1993,1994,1995,1996,1997,1998,1999,2000,2001,2002,2003,2004,2005,2006,2007,
5,6,2,2,1,2,3,1,1,0,1,1,0,0,0,1,
1994,1995,1996,1997,1998,1999,2000,2001,2002,2003,2004,2005,2006,2007,2008,2009,
1,1,1,1,0,2,2,2,2,2,0,0,0,0,1,3,
1994,1995,1996,1997,1998,1999,2000,2001,2002,2003,2004,2005,2006,2007,2008,2009,
1,1,0,1,1,1,1,0,0,0,2,1,2,0,3,1,
1994,1995,1996,1997,1998,1999,2000,2001,2002,2003,2004,2005,2006,2007,2008,2009,
1,1,2,0,0,6,2,0,2,4,2,6,6,5,20,9,
1992,1993,1994,1995,1996,1997,1998,1999,2000,2001,2002,2003,2004,2005,2006,2007,
2,5,0,6,2,1,3,2,3,1,1,1,0,1,1,1,
1993,1994,1995,1996,1997,1998,1999,2000,2001,2002,2003,2004,2005,2006,2007,2008,
1,2,1,1,0,0,1,0,1,2,0,0,0,2,1,1,
1993,1994,1995,1996,1997,1998,1999,2000,2001,2002,2003,2004,2005,2006,2007,2008,
3,0,5,0,2,1,0,1,1,1,0,0,0,0,1,2,
1994,1995,1996,1997,1998,1999,2000,2001,2002,2003,2004,2005,2006,2007,2008,2009,
2,2,2,1,2,0,4,4,2,0,2,0,0,3,1,3,
1993,1994,1995,1996,1997,1998,1999,2000,2001,2002,2003,2004,2005,2006,2007,2008,
3,2,0,0,2,0,1,0,1,0,0,1,1,0,3,2,
1994,1995,1996,1997,1998,1999,2000,2001,2002,2003,2004,2005,2006,2007,2008,2009,
5,3,2,3,2,1,8,2,5,1,3,7,3,6,5,2,
1993,1994,1995,1996,1997,1998,1999,2000,2001,2002,2003,2004,2005,2006,2007,2008,
1,2,2,1,1,0,0,1,0,1,0,0,1,0,1,1,
1994,1995,1996,1997,1998,1999,2000,2001,2002,2003,2004,2005,2006,2007,2008,2009,
1,0,1,1,0,1,1,0,0,1,0,0,1,2,0,1,
1993,1994,1995,1996,1997,1998,1999,2000,2001,2002,2003,2004,2005,2006,2007,2008,
2,1,1,1,1,0,4,1,2,3,1,1,1,0,0,1,
1993,1994,1995,1996,1997,1998,1999,2000,2001,2002,2003,2004,2005,2006,2007,2008,
5,2,2,0,4,1,1,0,1,2,1,2,0,1,1,1,
1993,1994,1995,1996,1997,1998,1999,2000,2001,2002,2003,2004,2005,2006,2007,2008,
1,0,3,0,0,0,1,2,0,2,1,2,0,1,0,1,
1993,1994,1995,1996,1997,1998,1999,2000,2001,2002,2003,2004,2005,2006,2007,2008,
7,2,11,0,5,0,2,2,4,0,5,1,0,0,0,1,
1993,1994,1995,1996,1997,1998,1999,2000,2001,2002,2003,2004,2005,2006,2007,2008,
1,0,2,3,0,0,1,4,3,1,5,1,1,1,0,2,
1993,1994,1995,1996,1997,1998,1999,2000,2001,2002,2003,2004,2005,2006,2007,2008,
2,2,2,0,4,1,2,1,0,3,0,0,0,0,2,1,
1993,1994,1995,1996,1997,1998,1999,2000,2001,2002,2003,2004,2005,2006,2007,2008,
6,0,8,1,3,1,1,1,1,0,0,0,1,1,0,1,
1994,1995,1996,1997,1998,1999,2000,2001,2002,2003,2004,2005,2006,2007,2008,2009,
1,1,1,1,6,3,5,13,13,20,10,18,11,27,33,27,
1992,1993,1994,1995,1996,1997,1998,1999,2000,2001,2002,2003,2004,2005,2006,2007,
1,2,0,0,1,1,0,0,1,1,3,1,0,0,0,1,
1993,1994,1995,1996,1997,1998,1999,2000,2001,2002,2003,2004,2005,2006,2007,2008,
1,2,1,0,1,0,1,0,1,0,1,0,1,2,0,1,
1994,1995,1996,1997,1998,1999,2000,2001,2002,2003,2004,2005,2006,2007,2008,2009,
1,1,1,1,0,0,1,0,1,0,0,1,1,0,0,1,
1992,1993,1994,1995,1996,1997,1998,1999,2000,2001,2002,2003,2004,2005,2006,2007,
4,1,1,4,2,1,0,1,3,2,1,1,0,0,0,1,
1976,1977,1978,1979,1980,1981,1982,1983,1984,1985,1986,1987,1988,1989,1990,1991,
3,2,1,3,3,2,5,3,3,0,0,0,4,0,0,1,
1973,1974,1975,1976,1977,1978,1979,1980,1981,1982,1983,1984,1985,1986,1987,1988,
1,3,1,2,1,12,0,5,2,3,0,0,0,0,0,1,
1972,1973,1974,1975,1976,1977,1978,1979,1980,1981,1982,1983,1984,1985,1986,1987,
1,1,1,3,1,1,1,0,1,0,1,1,0,0,0,1,
1975,1976,1977,1978,1979,1980,1981,1982,1983,1984,1985,1986,1987,1988,1989,1990,
2,0,2,1,3,2,1,0,0,0,0,0,1,1,0,1,
1988,1989,1990,1991,1992,1993,1994,1995,1996,1997,1998,1999,2000,2001,2002,2003,
1,1,0,2,0,1,0,0,1,1,1,1,0,0,0,2,
1983,1984,1985,1986,1987,1988,1989,1990,1991,1992,1993,1994,1995,1996,1997,1998,
1,1,0,1,2,2,1,1,1,0,2,1,0,0,0,1,
1977,1978,1979,1980,1981,1982,1983,1984,1985,1986,1987,1988,1989,1990,1991,1992,
3,1,1,2,1,2,1,0,0,0,1,0,1,1,1,1,
1975,1976,1977,1978,1979,1980,1981,1982,1983,1984,1985,1986,1987,1988,1989,1990,
1,0,1,1,3,2,3,0,1,0,1,0,1,1,0,1,
1994,1995,1996,1997,1998,1999,2000,2001,2002,2003,2004,2005,2006,2007,2008,2009,
1,0,0,3,1,0,2,0,1,1,0,0,1,3,1,1,
1990,1991,1992,1993,1994,1995,1996,1997,1998,1999,2000,2001,2002,2003,2004,2005,
1,0,3,1,2,1,1,0,2,0,0,1,0,0,0,1,
1991,1992,1993,1994,1995,1996,1997,1998,1999,2000,2001,2002,2003,2004,2005,2006,
1,0,1,2,2,1,4,1,0,0,1,0,1,0,0,1,
1994,1995,1996,1997,1998,1999,2000,2001,2002,2003,2004,2005,2006,2007,2008,2009,
1,0,2,2,2,2,3,0,2,0,0,1,0,0,0,1,
1994,1995,1996,1997,1998,1999,2000,2001,2002,2003,2004,2005,2006,2007,2008,2009,
1,3,1,1,1,4,1,1,9,3,2,0,1,0,4,1,
1994,1995,1996,1997,1998,1999,2000,2001,2002,2003,2004,2005,2006,2007,2008,2009,
1,1,6,10,5,2,4,12,11,6,6,3,2,5,2,3,
1994,1995,1996,1997,1998,1999,2000,2001,2002,2003,2004,2005,2006,2007,2008,2009,
1,1,1,1,1,0,0,2,1,1,0,0,0,2,6,1,
1994,1995,1996,1997,1998,1999,2000,2001,2002,2003,2004,2005,2006,2007,2008,2009,
1,0,0,3,4,4,8,4,4,4,1,1,4,8,5,1,
1994,1995,1996,1997,1998,1999,2000,2001,2002,2003,2004,2005,2006,2007,2008,2009,
1,0,3,5,0,1,5,3,3,2,1,3,0,10,2,1,
1995,1996,1997,1998,1999,2000,2001,2002,2003,2004,2005,2006,2007,2008,2009,2010,
2,2,6,6,9,7,12,11,14,16,8,10,9,21,14,1,
1993,1994,1995,1996,1997,1998,1999,2000,2001,2002,2003,2004,2005,2006,2007,2008,
1,0,2,1,0,0,3,2,2,1,1,0,0,0,0,1,
1995,1996,1997,1998,1999,2000,2001,2002,2003,2004,2005,2006,2007,2008,2009,2010,
1,0,0,0,0,0,0,1,1,1,0,2,1,3,2,1,
1995,1996,1997,1998,1999,2000,2001,2002,2003,2004,2005,2006,2007,2008,2009,2010,
1,1,0,1,1,4,4,5,4,1,0,0,0,2,3,1,
1994,1995,1996,1997,1998,1999,2000,2001,2002,2003,2004,2005,2006,2007,2008,2009,
1,0,0,1,0,0,1,1,4,3,2,2,0,0,3,1,
1995,1996,1997,1998,1999,2000,2001,2002,2003,2004,2005,2006,2007,2008,2009,2010,
2,1,2,2,5,5,7,9,4,6,2,1,1,4,4,1,
1994,1995,1996,1997,1998,1999,2000,2001,2002,2003,2004,2005,2006,2007,2008,2009,
1,2,1,7,3,2,8,7,6,4,5,5,7,12,17,8,
1993,1994,1995,1996,1997,1998,1999,2000,2001,2002,2003,2004,2005,2006,2007,2008,
1,0,0,0,0,0,4,1,1,2,3,1,0,1,1,2,
1991,1992,1993,1994,1995,1996,1997,1998,1999,2000,2001,2002,2003,2004,2005,2006,
1,1,2,1,0,1,1,0,0,0,1,0,0,1,0,2,
1993,1994,1995,1996,1997,1998,1999,2000,2001,2002,2003,2004,2005,2006,2007,2008,
1,2,2,1,1,2,1,1,2,3,2,1,0,0,0,2,
1994,1995,1996,1997,1998,1999,2000,2001,2002,2003,2004,2005,2006,2007,2008,2009,
1,2,0,0,3,3,0,6,2,1,1,1,2,1,1,1,
1994,1995,1996,1997,1998,1999,2000,2001,2002,2003,2004,2005,2006,2007,2008,2009,
1,2,1,3,3,3,2,3,1,0,0,0,0,2,0,1,
1994,1995,1996,1997,1998,1999,2000,2001,2002,2003,2004,2005,2006,2007,2008,2009,
1,1,1,3,3,4,5,7,0,2,1,0,1,2,3,2,
1994,1995,1996,1997,1998,1999,2000,2001,2002,2003,2004,2005,2006,2007,2008,2009,
1,0,0,1,0,0,1,3,3,7,3,2,1,3,1,7,
1994,1995,1996,1997,1998,1999,2000,2001,2002,2003,2004,2005,2006,2007,2008,2009,
1,1,0,0,1,0,1,1,0,1,0,0,0,2,1,1,
