1998,1999,2000,2001,2002,2003,2004,2005,2006,2007,2008,2009,
2,0,0,1,0,1,2,3,0,3,1,5,
1998,1999,2000,2001,2002,2003,2004,2005,2006,2007,2008,2009,
2,0,0,1,3,1,1,3,3,3,4,4,
1999,2000,2001,2002,2003,2004,2005,2006,2007,2008,2009,2010,
2,1,1,7,6,1,13,4,7,1,6,1,
1998,1999,2000,2001,2002,2003,2004,2005,2006,2007,2008,2009,
1,1,1,2,1,2,0,3,8,5,5,11,
1998,1999,2000,2001,2002,2003,2004,2005,2006,2007,2008,2009,
1,0,1,0,0,1,0,1,3,1,4,1,
1999,2000,2001,2002,2003,2004,2005,2006,2007,2008,2009,2010,
3,7,13,12,21,7,8,12,10,19,26,1,
1998,1999,2000,2001,2002,2003,2004,2005,2006,2007,2008,2009,
1,0,1,4,3,3,1,3,1,5,2,6,
1998,1999,2000,2001,2002,2003,2004,2005,2006,2007,2008,2009,
1,0,3,2,0,1,1,3,1,1,1,1,
1998,1999,2000,2001,2002,2003,2004,2005,2006,2007,2008,2009,
1,0,2,1,3,2,0,1,1,6,4,3,
1998,1999,2000,2001,2002,2003,2004,2005,2006,2007,2008,2009,
1,3,1,1,2,1,0,1,1,2,1,1,
1998,1999,2000,2001,2002,2003,2004,2005,2006,2007,2008,2009,
1,0,0,1,1,1,0,0,2,1,2,2,
1998,1999,2000,2001,2002,2003,2004,2005,2006,2007,2008,2009,
1,0,7,1,6,1,0,1,1,1,1,1,
1998,1999,2000,2001,2002,2003,2004,2005,2006,2007,2008,2009,
2,1,1,1,1,1,0,0,0,1,1,1,
1998,1999,2000,2001,2002,2003,2004,2005,2006,2007,2008,2009,
1,2,1,2,2,0,0,2,0,0,1,1,
1998,1999,2000,2001,2002,2003,2004,2005,2006,2007,2008,2009,
1,1,5,2,3,1,0,4,2,4,3,3,
1998,1999,2000,2001,2002,2003,2004,2005,2006,2007,2008,2009,
1,0,3,0,0,1,0,1,2,2,1,3,
1997,1998,1999,2000,2001,2002,2003,2004,2005,2006,2007,2008,
2,0,4,5,1,2,1,0,0,0,0,1,
1997,1998,1999,2000,2001,2002,2003,2004,2005,2006,2007,2008,
3,3,3,9,0,2,3,1,4,0,2,1,
1998,1999,2000,2001,2002,2003,2004,2005,2006,2007,2008,2009,
2,3,6,3,9,8,3,5,1,6,6,6,
1998,1999,2000,2001,2002,2003,2004,2005,2006,2007,2008,2009,
1,2,2,2,2,1,4,1,0,1,2,4,
1999,2000,2001,2002,2003,2004,2005,2006,2007,2008,2009,2010,
1,0,1,0,0,2,0,2,3,2,0,1,
1998,1999,2000,2001,2002,2003,2004,2005,2006,2007,2008,2009,
1,0,3,2,2,1,1,4,1,0,3,4,
1997,1998,1999,2000,2001,2002,2003,2004,2005,2006,2007,2008,
1,0,1,3,2,1,4,0,1,0,1,1,
1998,1999,2000,2001,2002,2003,2004,2005,2006,2007,2008,2009,
1,7,4,2,1,3,2,3,0,2,2,3,
1997,1998,1999,2000,2001,2002,2003,2004,2005,2006,2007,2008,
4,0,4,4,2,1,0,1,0,0,1,1,
1998,1999,2000,2001,2002,2003,2004,2005,2006,2007,2008,2009,
1,11,7,6,6,7,14,1,0,8,10,5,
1998,1999,2000,2001,2002,2003,2004,2005,2006,2007,2008,2009,
1,2,2,2,2,2,0,0,2,0,0,1,
1998,1999,2000,2001,2002,2003,2004,2005,2006,2007,2008,2009,
1,1,5,7,10,2,0,2,0,2,4,6,
1999,2000,2001,2002,2003,2004,2005,2006,2007,2008,2009,2010,
3,3,4,8,6,7,8,9,7,8,10,1,
1997,1998,1999,2000,2001,2002,2003,2004,2005,2006,2007,2008,
1,2,0,0,3,3,1,0,2,1,0,3,
1998,1999,2000,2001,2002,2003,2004,2005,2006,2007,2008,2009,
3,3,4,3,2,5,1,0,0,0,3,2,
1997,1998,1999,2000,2001,2002,2003,2004,2005,2006,2007,2008,
1,3,0,0,3,3,1,1,0,0,0,1,
1997,1998,1999,2000,2001,2002,2003,2004,2005,2006,2007,2008,
1,0,3,3,3,1,0,0,0,1,0,2,
1997,1998,1999,2000,2001,2002,2003,2004,2005,2006,2007,2008,
1,0,4,4,1,2,1,0,1,0,1,1,
1998,1999,2000,2001,2002,2003,2004,2005,2006,2007,2008,2009,
2,7,3,4,3,0,0,1,0,0,0,1,
1998,1999,2000,2001,2002,2003,2004,2005,2006,2007,2008,2009,
3,0,6,2,2,6,6,7,4,12,7,10,
1998,1999,2000,2001,2002,2003,2004,2005,2006,2007,2008,2009,
1,2,1,0,3,3,0,1,1,0,1,2,
1998,1999,2000,2001,2002,2003,2004,2005,2006,2007,2008,2009,
3,0,3,2,7,0,3,2,1,3,2,1,
1998,1999,2000,2001,2002,2003,2004,2005,2006,2007,2008,2009,
1,0,0,0,1,2,0,1,0,1,3,2,
1998,1999,2000,2001,2002,2003,2004,2005,2006,2007,2008,2009,
1,0,1,0,1,1,1,1,3,0,2,4,
1998,1999,2000,2001,2002,2003,2004,2005,2006,2007,2008,2009,
1,1,4,2,8,0,1,2,3,1,5,2,
1997,1998,1999,2000,2001,2002,2003,2004,2005,2006,2007,2008,
1,1,1,1,1,1,0,0,1,0,0,1,
1998,1999,2000,2001,2002,2003,2004,2005,2006,2007,2008,2009,
4,1,4,3,6,2,2,0,1,1,2,3,
1997,1998,1999,2000,2001,2002,2003,2004,2005,2006,2007,2008,
1,5,0,1,1,1,1,2,0,0,2,2,
1998,1999,2000,2001,2002,2003,2004,2005,2006,2007,2008,2009,
1,0,2,2,8,3,2,3,3,6,2,1,
1998,1999,2000,2001,2002,2003,2004,2005,2006,2007,2008,2009,
1,3,6,3,2,1,1,0,1,2,0,2,
1998,1999,2000,2001,2002,2003,2004,2005,2006,2007,2008,2009,
1,4,4,3,2,1,0,0,0,1,1,1,
1997,1998,1999,2000,2001,2002,2003,2004,2005,2006,2007,2008,
3,2,3,5,7,6,1,3,2,1,3,2,
1998,1999,2000,2001,2002,2003,2004,2005,2006,2007,2008,2009,
1,3,1,1,0,1,0,0,0,1,0,1,
1997,1998,1999,2000,2001,2002,2003,2004,2005,2006,2007,2008,
1,0,6,4,6,6,6,3,3,2,0,2,
1998,1999,2000,2001,2002,2003,2004,2005,2006,2007,2008,2009,
2,3,6,8,23,11,2,4,7,11,4,18,
1997,1998,1999,2000,2001,2002,2003,2004,2005,2006,2007,2008,
1,4,0,1,2,0,0,1,0,0,1,1,
1998,1999,2000,2001,2002,2003,2004,2005,2006,2007,2008,2009,
1,0,1,0,2,0,0,1,0,1,2,1,
1998,1999,2000,2001,2002,2003,2004,2005,2006,2007,2008,2009,
2,0,4,5,4,4,1,2,2,4,2,2,
1998,1999,2000,2001,2002,2003,2004,2005,2006,2007,2008,2009,
1,3,0,0,1,0,0,3,0,1,1,2,
1998,1999,2000,2001,2002,2003,2004,2005,2006,2007,2008,2009,
1,4,3,2,2,3,1,1,2,2,3,2,
1998,1999,2000,2001,2002,2003,2004,2005,2006,2007,2008,2009,
4,4,2,4,1,2,0,0,0,0,0,1,
1997,1998,1999,2000,2001,2002,2003,2004,2005,2006,2007,2008,
3,2,2,3,5,1,1,1,0,0,2,7,
1998,1999,2000,2001,2002,2003,2004,2005,2006,2007,2008,2009,
1,2,2,1,1,1,1,2,0,4,3,5,
1998,1999,2000,2001,2002,2003,2004,2005,2006,2007,2008,2009,
1,1,0,0,1,2,3,1,0,2,2,3,
1998,1999,2000,2001,2002,2003,2004,2005,2006,2007,2008,2009,
2,1,0,4,3,1,3,0,0,2,2,6,
1998,1999,2000,2001,2002,2003,2004,2005,2006,2007,2008,2009,
1,3,2,3,1,3,0,1,1,1,5,1,
1998,1999,2000,2001,2002,2003,2004,2005,2006,2007,2008,2009,
1,1,2,4,1,0,3,0,1,0,1,1,
1997,1998,1999,2000,2001,2002,2003,2004,2005,2006,2007,2008,
1,1,5,0,0,1,2,3,2,0,1,2,
1998,1999,2000,2001,2002,2003,2004,2005,2006,2007,2008,2009,
3,0,1,3,10,1,1,4,0,3,5,4,
1998,1999,2000,2001,2002,2003,2004,2005,2006,2007,2008,2009,
2,1,9,3,6,8,4,5,8,10,6,14,
1995,1996,1997,1998,1999,2000,2001,2002,2003,2004,2005,2006,
3,1,1,0,0,1,1,2,1,0,0,1,
1998,1999,2000,2001,2002,2003,2004,2005,2006,2007,2008,2009,
3,2,2,4,9,6,2,2,2,2,5,2,
1998,1999,2000,2001,2002,2003,2004,2005,2006,2007,2008,2009,
1,1,0,2,0,2,0,2,0,1,0,2,
1998,1999,2000,2001,2002,2003,2004,2005,2006,2007,2008,2009,
1,0,2,3,2,0,2,3,0,9,1,4,
1998,1999,2000,2001,2002,2003,2004,2005,2006,2007,2008,2009,
1,3,0,1,1,2,1,1,0,1,4,1,
1997,1998,1999,2000,2001,2002,2003,2004,2005,2006,2007,2008,
1,0,2,4,6,0,2,1,2,1,2,3,
1998,1999,2000,2001,2002,2003,2004,2005,2006,2007,2008,2009,
1,1,1,6,1,2,0,6,1,1,1,2,
1998,1999,2000,2001,2002,2003,2004,2005,2006,2007,2008,2009,
1,1,1,0,3,0,4,1,0,1,2,1,
1998,1999,2000,2001,2002,2003,2004,2005,2006,2007,2008,2009,
2,0,2,4,1,1,1,1,2,2,0,2,
1997,1998,1999,2000,2001,2002,2003,2004,2005,2006,2007,2008,
2,0,0,2,1,0,0,1,1,1,0,1,
1999,2000,2001,2002,2003,2004,2005,2006,2007,2008,2009,2010,
6,7,2,6,1,2,1,0,0,0,0,1,
1998,1999,2000,2001,2002,2003,2004,2005,2006,2007,2008,2009,
1,2,6,0,4,12,5,1,2,4,5,2,
1998,1999,2000,2001,2002,2003,2004,2005,2006,2007,2008,2009,
1,3,2,1,3,3,2,0,1,2,2,3,
1997,1998,1999,2000,2001,2002,2003,2004,2005,2006,2007,2008,
1,0,2,3,0,3,1,1,0,0,0,1,
1997,1998,1999,2000,2001,2002,2003,2004,2005,2006,2007,2008,
1,3,0,2,2,3,1,0,1,2,0,4,
1998,1999,2000,2001,2002,2003,2004,2005,2006,2007,2008,2009,
3,0,1,1,1,2,0,0,3,2,3,1,
1998,1999,2000,2001,2002,2003,2004,2005,2006,2007,2008,2009,
1,7,10,13,9,7,5,15,6,16,17,17,
1998,1999,2000,2001,2002,2003,2004,2005,2006,2007,2008,2009,
1,0,0,4,0,2,1,3,1,1,7,1,
1998,1999,2000,2001,2002,2003,2004,2005,2006,2007,2008,2009,
1,1,2,1,1,2,0,3,0,3,0,2,
1998,1999,2000,2001,2002,2003,2004,2005,2006,2007,2008,2009,
2,1,2,2,7,3,1,4,1,2,1,1,
1998,1999,2000,2001,2002,2003,2004,2005,2006,2007,2008,2009,
9,4,5,1,5,3,1,0,1,2,1,1,
1998,1999,2000,2001,2002,2003,2004,2005,2006,2007,2008,2009,
1,2,4,2,2,1,1,0,1,1,0,1,
1998,1999,2000,2001,2002,2003,2004,2005,2006,2007,2008,2009,
1,5,3,4,1,0,1,0,0,1,0,3,
1998,1999,2000,2001,2002,2003,2004,2005,2006,2007,2008,2009,
1,0,2,1,3,0,0,1,0,3,0,1,
1997,1998,1999,2000,2001,2002,2003,2004,2005,2006,2007,2008,
1,1,2,2,2,0,1,1,1,1,0,1,
1998,1999,2000,2001,2002,2003,2004,2005,2006,2007,2008,2009,
1,3,1,3,3,2,2,1,0,2,1,1,
1998,1999,2000,2001,2002,2003,2004,2005,2006,2007,2008,2009,
2,2,3,4,4,0,1,0,1,2,0,2,
1998,1999,2000,2001,2002,2003,2004,2005,2006,2007,2008,2009,
1,1,0,1,1,3,1,0,1,0,1,1,
1998,1999,2000,2001,2002,2003,2004,2005,2006,2007,2008,2009,
1,2,0,2,0,1,1,1,0,2,1,2,
1997,1998,1999,2000,2001,2002,2003,2004,2005,2006,2007,2008,
1,1,2,1,2,1,0,0,0,0,0,2,
1997,1998,1999,2000,2001,2002,2003,2004,2005,2006,2007,2008,
1,0,3,1,0,1,1,2,0,1,1,1,
1998,1999,2000,2001,2002,2003,2004,2005,2006,2007,2008,2009,
1,4,0,0,1,0,1,0,2,0,2,1,
1998,1999,2000,2001,2002,2003,2004,2005,2006,2007,2008,2009,
1,2,1,3,2,0,2,0,0,0,1,1,
1998,1999,2000,2001,2002,2003,2004,2005,2006,2007,2008,2009,
1,2,2,2,2,2,1,1,4,1,9,2,
1997,1998,1999,2000,2001,2002,2003,2004,2005,2006,2007,2008,
1,0,5,1,1,1,3,0,2,0,2,4,
1997,1998,1999,2000,2001,2002,2003,2004,2005,2006,2007,2008,
2,2,7,2,1,2,2,2,0,0,0,1,
1997,1998,1999,2000,2001,2002,2003,2004,2005,2006,2007,2008,
1,2,1,1,2,2,1,1,2,1,1,2,
1998,1999,2000,2001,2002,2003,2004,2005,2006,2007,2008,2009,
1,1,0,1,3,2,0,1,0,1,0,1,
1998,1999,2000,2001,2002,2003,2004,2005,2006,2007,2008,2009,
1,3,0,4,6,7,4,5,6,5,5,3,
1998,1999,2000,2001,2002,2003,2004,2005,2006,2007,2008,2009,
1,0,2,0,0,1,1,2,1,0,0,1,
1996,1997,1998,1999,2000,2001,2002,2003,2004,2005,2006,2007,
1,0,1,2,1,0,1,2,0,1,0,2,
1997,1998,1999,2000,2001,2002,2003,2004,2005,2006,2007,2008,
1,0,0,5,0,1,1,3,1,2,2,2,
1998,1999,2000,2001,2002,2003,2004,2005,2006,2007,2008,2009,
1,2,1,1,0,2,1,0,1,0,0,1,
1998,1999,2000,2001,2002,2003,2004,2005,2006,2007,2008,2009,
1,1,0,1,0,0,0,1,1,1,0,2,
1998,1999,2000,2001,2002,2003,2004,2005,2006,2007,2008,2009,
1,4,4,4,1,3,1,2,1,2,0,1,
1997,1998,1999,2000,2001,2002,2003,2004,2005,2006,2007,2008,
1,1,2,1,0,0,1,0,0,1,0,2,
1998,1999,2000,2001,2002,2003,2004,2005,2006,2007,2008,2009,
2,0,2,2,1,1,0,2,0,3,1,2,
1997,1998,1999,2000,2001,2002,2003,2004,2005,2006,2007,2008,
1,6,11,1,5,5,2,0,2,2,3,2,
1998,1999,2000,2001,2002,2003,2004,2005,2006,2007,2008,2009,
1,1,1,1,3,0,0,0,1,1,1,1,
1998,1999,2000,2001,2002,2003,2004,2005,2006,2007,2008,2009,
4,1,1,0,2,0,0,2,0,0,1,1,
1998,1999,2000,2001,2002,2003,2004,2005,2006,2007,2008,2009,
3,8,14,17,23,16,10,8,4,13,17,11,
1998,1999,2000,2001,2002,2003,2004,2005,2006,2007,2008,2009,
2,1,0,1,1,2,1,1,1,1,2,4,
1998,1999,2000,2001,2002,2003,2004,2005,2006,2007,2008,2009,
1,4,2,4,2,4,0,2,0,0,3,2,
1998,1999,2000,2001,2002,2003,2004,2005,2006,2007,2008,2009,
2,3,2,0,1,1,0,1,0,1,0,1,
1998,1999,2000,2001,2002,2003,2004,2005,2006,2007,2008,2009,
1,0,1,1,0,1,2,1,0,1,2,3,
1997,1998,1999,2000,2001,2002,2003,2004,2005,2006,2007,2008,
1,0,2,1,3,0,5,0,0,1,0,1,
1998,1999,2000,2001,2002,2003,2004,2005,2006,2007,2008,2009,
1,2,1,6,8,3,5,3,1,2,3,4,
1998,1999,2000,2001,2002,2003,2004,2005,2006,2007,2008,2009,
1,0,1,1,2,4,1,2,2,0,2,2,
1998,1999,2000,2001,2002,2003,2004,2005,2006,2007,2008,2009,
1,0,4,2,3,2,1,0,2,0,0,1,
1998,1999,2000,2001,2002,2003,2004,2005,2006,2007,2008,2009,
1,2,2,1,2,1,0,2,0,0,0,3,
1998,1999,2000,2001,2002,2003,2004,2005,2006,2007,2008,2009,
2,1,0,1,3,3,0,2,1,0,0,1,
1998,1999,2000,2001,2002,2003,2004,2005,2006,2007,2008,2009,
13,7,11,6,9,5,1,3,4,11,4,4,
1998,1999,2000,2001,2002,2003,2004,2005,2006,2007,2008,2009,
2,6,4,3,5,5,4,1,1,3,3,2,
1998,1999,2000,2001,2002,2003,2004,2005,2006,2007,2008,2009,
1,1,0,0,1,1,2,0,3,2,0,1,
1998,1999,2000,2001,2002,2003,2004,2005,2006,2007,2008,2009,
1,1,4,1,2,0,3,3,2,3,2,2,
1998,1999,2000,2001,2002,2003,2004,2005,2006,2007,2008,2009,
2,7,5,6,5,5,7,3,8,6,7,2,
1998,1999,2000,2001,2002,2003,2004,2005,2006,2007,2008,2009,
1,4,5,2,3,3,2,0,1,0,2,2,
1998,1999,2000,2001,2002,2003,2004,2005,2006,2007,2008,2009,
2,1,3,2,1,2,0,2,2,2,5,5,
1998,1999,2000,2001,2002,2003,2004,2005,2006,2007,2008,2009,
2,2,2,2,2,0,0,1,0,0,0,2,
1998,1999,2000,2001,2002,2003,2004,2005,2006,2007,2008,2009,
1,2,2,3,5,3,1,0,1,4,1,3,
1998,1999,2000,2001,2002,2003,2004,2005,2006,2007,2008,2009,
1,1,2,2,1,2,1,0,1,2,1,2,
1998,1999,2000,2001,2002,2003,2004,2005,2006,2007,2008,2009,
1,2,3,2,1,0,1,1,1,0,3,2,
1998,1999,2000,2001,2002,2003,2004,2005,2006,2007,2008,2009,
2,0,0,1,1,0,3,1,4,3,3,2,
1998,1999,2000,2001,2002,2003,2004,2005,2006,2007,2008,2009,
1,2,4,0,1,0,0,1,0,2,1,5,
1998,1999,2000,2001,2002,2003,2004,2005,2006,2007,2008,2009,
1,6,6,9,5,3,3,0,1,3,0,1,
1998,1999,2000,2001,2002,2003,2004,2005,2006,2007,2008,2009,
1,0,3,2,3,1,0,1,0,4,0,2,
1997,1998,1999,2000,2001,2002,2003,2004,2005,2006,2007,2008,
1,1,2,5,9,4,6,1,1,3,1,2,
1998,1999,2000,2001,2002,2003,2004,2005,2006,2007,2008,2009,
2,2,2,6,4,3,1,0,4,1,0,2,
1998,1999,2000,2001,2002,2003,2004,2005,2006,2007,2008,2009,
1,0,1,1,1,2,0,0,1,0,1,1,
1998,1999,2000,2001,2002,2003,2004,2005,2006,2007,2008,2009,
1,1,1,2,1,0,0,0,0,1,0,3,
1998,1999,2000,2001,2002,2003,2004,2005,2006,2007,2008,2009,
1,1,3,1,1,0,0,2,1,0,2,1,
1998,1999,2000,2001,2002,2003,2004,2005,2006,2007,2008,2009,
2,1,1,1,4,1,0,1,0,3,0,2,
1998,1999,2000,2001,2002,2003,2004,2005,2006,2007,2008,2009,
3,3,3,4,0,3,2,7,3,5,3,3,
1998,1999,2000,2001,2002,2003,2004,2005,2006,2007,2008,2009,
4,2,0,1,1,2,0,0,0,2,2,4,
1998,1999,2000,2001,2002,2003,2004,2005,2006,2007,2008,2009,
3,1,3,3,3,4,2,1,3,3,3,2,
1998,1999,2000,2001,2002,2003,2004,2005,2006,2007,2008,2009,
2,1,0,2,0,1,0,0,2,0,1,1,
1998,1999,2000,2001,2002,2003,2004,2005,2006,2007,2008,2009,
1,0,5,3,10,3,1,3,6,3,3,2,
1998,1999,2000,2001,2002,2003,2004,2005,2006,2007,2008,2009,
1,2,0,1,1,0,0,0,0,3,3,1,
1997,1998,1999,2000,2001,2002,2003,2004,2005,2006,2007,2008,
2,1,0,2,1,3,1,0,0,0,1,3,
1998,1999,2000,2001,2002,2003,2004,2005,2006,2007,2008,2009,
3,2,5,3,0,4,0,0,1,0,0,2,
1997,1998,1999,2000,2001,2002,2003,2004,2005,2006,2007,2008,
1,1,1,0,3,0,2,0,0,0,3,1,
1999,2000,2001,2002,2003,2004,2005,2006,2007,2008,2009,2010,
1,2,1,0,1,1,1,0,1,0,0,1,
1997,1998,1999,2000,2001,2002,2003,2004,2005,2006,2007,2008,
1,0,0,1,1,0,1,0,1,1,0,1,
1996,1997,1998,1999,2000,2001,2002,2003,2004,2005,2006,2007,
1,2,1,0,2,0,3,1,0,0,3,1,
1998,1999,2000,2001,2002,2003,2004,2005,2006,2007,2008,2009,
2,1,0,0,1,1,0,0,2,1,1,1,
1996,1997,1998,1999,2000,2001,2002,2003,2004,2005,2006,2007,
1,1,0,1,1,2,0,0,1,1,0,1,
1998,1999,2000,2001,2002,2003,2004,2005,2006,2007,2008,2009,
2,3,2,1,1,2,0,3,0,1,1,3,
1998,1999,2000,2001,2002,2003,2004,2005,2006,2007,2008,2009,
1,1,0,1,1,0,0,0,1,2,3,4,
1998,1999,2000,2001,2002,2003,2004,2005,2006,2007,2008,2009,
1,2,3,3,6,2,1,2,5,2,5,1,
1990,1991,1992,1993,1994,1995,1996,1997,1998,1999,2000,2001,
1,0,1,0,0,0,1,1,1,1,2,3,
1988,1989,1990,1991,1992,1993,1994,1995,1996,1997,1998,1999,
2,0,1,2,2,2,0,1,1,1,1,1,
1986,1987,1988,1989,1990,1991,1992,1993,1994,1995,1996,1997,
1,3,1,2,5,0,0,1,0,1,0,1,
1988,1989,1990,1991,1992,1993,1994,1995,1996,1997,1998,1999,
1,1,2,6,0,2,1,0,1,1,0,1,
1989,1990,1991,1992,1993,1994,1995,1996,1997,1998,1999,2000,
1,1,1,1,0,1,1,1,0,1,0,1,
1997,1998,1999,2000,2001,2002,2003,2004,2005,2006,2007,2008,
1,1,2,2,2,0,0,0,0,0,1,1,
1999,2000,2001,2002,2003,2004,2005,2006,2007,2008,2009,2010,
1,0,1,0,2,0,2,1,0,0,1,1,
1988,1989,1990,1991,1992,1993,1994,1995,1996,1997,1998,1999,
2,2,0,3,6,2,1,1,2,0,1,1,
1986,1987,1988,1989,1990,1991,1992,1993,1994,1995,1996,1997,
1,1,1,1,0,1,0,1,1,0,0,2,
1990,1991,1992,1993,1994,1995,1996,1997,1998,1999,2000,2001,
1,3,1,1,4,0,1,0,1,2,0,1,
1991,1992,1993,1994,1995,1996,1997,1998,1999,2000,2001,2002,
1,0,0,0,1,0,1,1,1,0,3,2,
1985,1986,1987,1988,1989,1990,1991,1992,1993,1994,1995,1996,
1,3,10,3,1,2,9,1,2,1,0,1,
1986,1987,1988,1989,1990,1991,1992,1993,1994,1995,1996,1997,
1,0,1,0,1,2,1,1,0,0,0,2,
1988,1989,1990,1991,1992,1993,1994,1995,1996,1997,1998,1999,
1,2,3,1,0,1,0,1,0,0,0,1,
1988,1989,1990,1991,1992,1993,1994,1995,1996,1997,1998,1999,
3,3,1,1,1,1,0,0,0,1,0,1,
1991,1992,1993,1994,1995,1996,1997,1998,1999,2000,2001,2002,
1,3,1,0,2,0,1,0,0,1,1,1,
1987,1988,1989,1990,1991,1992,1993,1994,1995,1996,1997,1998,
1,2,1,1,1,0,0,0,1,0,1,1,
1989,1990,1991,1992,1993,1994,1995,1996,1997,1998,1999,2000,
1,2,1,2,0,1,3,0,0,0,0,1,
1999,2000,2001,2002,2003,2004,2005,2006,2007,2008,2009,2010,
1,0,4,2,3,0,1,3,1,9,6,1,
1987,1988,1989,1990,1991,1992,1993,1994,1995,1996,1997,1998,
2,4,5,1,4,4,4,2,2,0,1,1,
1988,1989,1990,1991,1992,1993,1994,1995,1996,1997,1998,1999,
1,2,1,2,0,0,1,0,0,0,1,1,
1988,1989,1990,1991,1992,1993,1994,1995,1996,1997,1998,1999,
1,3,2,2,0,5,1,0,1,0,0,1,
1987,1988,1989,1990,1991,1992,1993,1994,1995,1996,1997,1998,
4,2,7,2,6,1,2,1,0,1,0,1,
1988,1989,1990,1991,1992,1993,1994,1995,1996,1997,1998,1999,
1,2,3,6,2,3,2,0,0,1,3,1,
1991,1992,1993,1994,1995,1996,1997,1998,1999,2000,2001,2002,
1,1,1,0,0,2,0,1,0,1,1,2,
1988,1989,1990,1991,1992,1993,1994,1995,1996,1997,1998,1999,
1,3,2,0,3,2,2,1,0,0,0,2,
1988,1989,1990,1991,1992,1993,1994,1995,1996,1997,1998,1999,
1,1,1,0,1,0,2,1,0,1,1,3,
1989,1990,1991,1992,1993,1994,1995,1996,1997,1998,1999,2000,
8,6,13,2,8,1,2,0,0,0,1,1,
1988,1989,1990,1991,1992,1993,1994,1995,1996,1997,1998,1999,
5,5,1,2,2,1,1,1,0,0,0,1,
1992,1993,1994,1995,1996,1997,1998,1999,2000,2001,2002,2003,
1,2,1,4,1,0,0,1,0,1,0,2,
1988,1989,1990,1991,1992,1993,1994,1995,1996,1997,1998,1999,
3,4,4,8,1,2,1,2,0,2,0,2,
1988,1989,1990,1991,1992,1993,1994,1995,1996,1997,1998,1999,
2,2,0,1,0,1,2,1,1,1,0,1,
1986,1987,1988,1989,1990,1991,1992,1993,1994,1995,1996,1997,
3,3,5,0,1,2,1,0,0,0,0,1,
1987,1988,1989,1990,1991,1992,1993,1994,1995,1996,1997,1998,
3,1,3,3,5,4,2,1,0,0,0,3,
1984,1985,1986,1987,1988,1989,1990,1991,1992,1993,1994,1995,
1,1,1,3,4,0,0,2,0,0,0,1,
1987,1988,1989,1990,1991,1992,1993,1994,1995,1996,1997,1998,
2,5,5,4,6,0,3,1,1,0,0,2,
1988,1989,1990,1991,1992,1993,1994,1995,1996,1997,1998,1999,
2,2,1,2,0,1,2,0,1,1,0,1,
1986,1987,1988,1989,1990,1991,1992,1993,1994,1995,1996,1997,
1,1,1,1,0,1,0,1,0,0,0,1,
1981,1982,1983,1984,1985,1986,1987,1988,1989,1990,1991,1992,
2,2,0,1,0,1,1,1,1,2,0,1,
1995,1996,1997,1998,1999,2000,2001,2002,2003,2004,2005,2006,
1,0,0,1,0,1,1,0,0,2,1,1,
1986,1987,1988,1989,1990,1991,1992,1993,1994,1995,1996,1997,
1,1,2,2,0,1,0,3,1,1,1,1,
1997,1998,1999,2000,2001,2002,2003,2004,2005,2006,2007,2008,
3,1,0,0,0,1,2,1,0,2,0,1,
1972,1973,1974,1975,1976,1977,1978,1979,1980,1981,1982,1983,
1,2,0,1,3,0,1,1,0,0,0,1,
1984,1985,1986,1987,1988,1989,1990,1991,1992,1993,1994,1995,
3,3,2,2,2,0,4,1,1,0,1,1,
1993,1994,1995,1996,1997,1998,1999,2000,2001,2002,2003,2004,
1,0,2,2,1,0,0,1,0,2,0,1,
1997,1998,1999,2000,2001,2002,2003,2004,2005,2006,2007,2008,
1,1,2,2,1,2,0,0,1,0,0,1,
1998,1999,2000,2001,2002,2003,2004,2005,2006,2007,2008,2009,
2,3,3,1,2,1,0,0,1,0,0,1,
1978,1979,1980,1981,1982,1983,1984,1985,1986,1987,1988,1989,
2,0,1,1,1,0,0,1,0,1,0,1,
1997,1998,1999,2000,2001,2002,2003,2004,2005,2006,2007,2008,
1,1,1,1,1,0,1,1,0,1,0,1,
1997,1998,1999,2000,2001,2002,2003,2004,2005,2006,2007,2008,
1,0,0,1,0,2,2,1,0,0,1,1,
1996,1997,1998,1999,2000,2001,2002,2003,2004,2005,2006,2007,
1,1,0,1,3,2,1,0,0,0,0,1,
1995,1996,1997,1998,1999,2000,2001,2002,2003,2004,2005,2006,
3,0,0,2,0,1,0,1,1,1,1,1,
1997,1998,1999,2000,2001,2002,2003,2004,2005,2006,2007,2008,
1,0,0,0,2,2,1,0,1,0,1,1,
1996,1997,1998,1999,2000,2001,2002,2003,2004,2005,2006,2007,
2,2,1,1,1,1,0,0,1,0,2,2,
1996,1997,1998,1999,2000,2001,2002,2003,2004,2005,2006,2007,
1,0,0,1,0,3,2,2,0,1,3,2,
1996,1997,1998,1999,2000,2001,2002,2003,2004,2005,2006,2007,
1,1,1,0,1,0,1,0,0,1,0,1,
1998,1999,2000,2001,2002,2003,2004,2005,2006,2007,2008,2009,
1,0,0,3,0,0,2,1,0,1,1,1,
1992,1993,1994,1995,1996,1997,1998,1999,2000,2001,2002,2003,
1,0,0,0,1,1,1,0,0,2,1,1,
1993,1994,1995,1996,1997,1998,1999,2000,2001,2002,2003,2004,
1,3,6,3,2,0,2,4,0,0,1,1,
1998,1999,2000,2001,2002,2003,2004,2005,2006,2007,2008,2009,
1,0,5,0,4,2,0,0,0,5,8,2,
1993,1994,1995,1996,1997,1998,1999,2000,2001,2002,2003,2004,
1,2,1,0,0,0,1,1,0,1,1,1,
1998,1999,2000,2001,2002,2003,2004,2005,2006,2007,2008,2009,
1,0,2,1,1,2,0,1,1,0,2,1,
1995,1996,1997,1998,1999,2000,2001,2002,2003,2004,2005,2006,
3,3,6,2,1,4,3,4,1,1,1,1,
1998,1999,2000,2001,2002,2003,2004,2005,2006,2007,2008,2009,
1,0,0,3,2,5,2,0,0,3,3,3,
1994,1995,1996,1997,1998,1999,2000,2001,2002,2003,2004,2005,
2,3,0,2,1,0,0,1,0,0,1,1,
1993,1994,1995,1996,1997,1998,1999,2000,2001,2002,2003,2004,
1,5,4,4,5,3,1,0,0,2,0,1,
1998,1999,2000,2001,2002,2003,2004,2005,2006,2007,2008,2009,
1,0,0,0,1,2,1,0,1,1,1,3,
1993,1994,1995,1996,1997,1998,1999,2000,2001,2002,2003,2004,
1,0,3,4,5,0,1,2,0,0,1,1,
1995,1996,1997,1998,1999,2000,2001,2002,2003,2004,2005,2006,
1,1,1,0,0,1,1,2,0,0,0,2,
1997,1998,1999,2000,2001,2002,2003,2004,2005,2006,2007,2008,
1,0,1,2,1,4,2,1,0,2,0,2,
1997,1998,1999,2000,2001,2002,2003,2004,2005,2006,2007,2008,
2,0,2,2,1,1,2,0,0,0,1,2,
1998,1999,2000,2001,2002,2003,2004,2005,2006,2007,2008,2009,
1,1,1,3,3,4,2,6,5,10,9,8,
1998,1999,2000,2001,2002,2003,2004,2005,2006,2007,2008,2009,
1,0,0,1,1,1,1,1,0,0,1,1,
1995,1996,1997,1998,1999,2000,2001,2002,2003,2004,2005,2006,
4,0,1,0,0,2,1,0,1,1,0,1,
1997,1998,1999,2000,2001,2002,2003,2004,2005,2006,2007,2008,
1,0,0,0,1,4,2,0,2,1,1,3,
1998,1999,2000,2001,2002,2003,2004,2005,2006,2007,2008,2009,
1,0,1,1,3,1,1,0,2,2,1,3,
1994,1995,1996,1997,1998,1999,2000,2001,2002,2003,2004,2005,
8,4,3,4,1,1,1,1,1,0,0,1,
1995,1996,1997,1998,1999,2000,2001,2002,2003,2004,2005,2006,
1,4,0,1,1,0,1,1,0,0,0,1,
1997,1998,1999,2000,2001,2002,2003,2004,2005,2006,2007,2008,
2,0,0,1,0,4,2,0,1,1,1,1,
1997,1998,1999,2000,2001,2002,2003,2004,2005,2006,2007,2008,
1,1,1,3,0,0,0,2,0,1,2,2,
1994,1995,1996,1997,1998,1999,2000,2001,2002,2003,2004,2005,
2,5,0,0,0,2,1,2,3,0,1,1,
1998,1999,2000,2001,2002,2003,2004,2005,2006,2007,2008,2009,
1,2,2,2,2,4,5,0,2,2,3,3,
1995,1996,1997,1998,1999,2000,2001,2002,2003,2004,2005,2006,
1,1,1,0,0,2,1,2,0,0,0,1,
1998,1999,2000,2001,2002,2003,2004,2005,2006,2007,2008,2009,
2,0,0,3,1,5,0,1,1,2,3,4,
1993,1994,1995,1996,1997,1998,1999,2000,2001,2002,2003,2004,
1,0,0,0,1,0,0,1,1,3,2,1,
1996,1997,1998,1999,2000,2001,2002,2003,2004,2005,2006,2007,
1,3,2,2,0,0,1,1,2,2,1,1,
1997,1998,1999,2000,2001,2002,2003,2004,2005,2006,2007,2008,
1,2,0,2,1,1,1,0,1,0,0,1,
1994,1995,1996,1997,1998,1999,2000,2001,2002,2003,2004,2005,
2,1,0,1,0,1,0,0,1,1,0,2,
1994,1995,1996,1997,1998,1999,2000,2001,2002,2003,2004,2005,
6,13,12,7,5,2,5,4,1,3,1,2,
1998,1999,2000,2001,2002,2003,2004,2005,2006,2007,2008,2009,
4,0,1,7,7,4,1,2,2,1,5,15,
1998,1999,2000,2001,2002,2003,2004,2005,2006,2007,2008,2009,
1,4,9,15,18,26,7,37,28,37,85,62,
1998,1999,2000,2001,2002,2003,2004,2005,2006,2007,2008,2009,
5,2,4,5,5,9,5,18,3,8,15,16,
1998,1999,2000,2001,2002,2003,2004,2005,2006,2007,2008,2009,
2,0,1,0,1,0,0,1,0,1,2,1,
1999,2000,2001,2002,2003,2004,2005,2006,2007,2008,2009,2010,
1,1,0,1,0,1,3,0,10,4,7,1,
1998,1999,2000,2001,2002,2003,2004,2005,2006,2007,2008,2009,
1,0,1,1,2,3,3,0,0,5,7,6,
1998,1999,2000,2001,2002,2003,2004,2005,2006,2007,2008,2009,
1,2,1,5,5,4,1,2,2,3,5,6,
1991,1992,1993,1994,1995,1996,1997,1998,1999,2000,2001,2002,
1,1,1,0,2,1,2,0,0,0,0,1,
1998,1999,2000,2001,2002,2003,2004,2005,2006,2007,2008,2009,
2,2,9,15,18,4,1,5,2,3,3,1,
1997,1998,1999,2000,2001,2002,2003,2004,2005,2006,2007,2008,
2,1,2,1,2,4,4,6,4,1,1,6,
1997,1998,1999,2000,2001,2002,2003,2004,2005,2006,2007,2008,
1,3,1,4,0,1,1,0,0,0,1,3,
1998,1999,2000,2001,2002,2003,2004,2005,2006,2007,2008,2009,
1,2,4,1,5,3,2,1,0,3,1,2,
1984,1985,1986,1987,1988,1989,1990,1991,1992,1993,1994,1995,
1,1,1,2,3,1,0,0,0,2,0,1,
1998,1999,2000,2001,2002,2003,2004,2005,2006,2007,2008,2009,
1,0,0,0,2,6,1,3,2,5,11,3,
1998,1999,2000,2001,2002,2003,2004,2005,2006,2007,2008,2009,
1,2,1,3,2,4,2,2,1,0,1,1,
1998,1999,2000,2001,2002,2003,2004,2005,2006,2007,2008,2009,
2,2,1,3,1,1,0,0,0,2,8,1,
1996,1997,1998,1999,2000,2001,2002,2003,2004,2005,2006,2007,
1,1,1,0,0,1,0,1,1,0,0,1,
1998,1999,2000,2001,2002,2003,2004,2005,2006,2007,2008,2009,
1,0,0,0,2,5,0,2,3,1,2,2,
1997,1998,1999,2000,2001,2002,2003,2004,2005,2006,2007,2008,
1,0,0,3,0,0,1,1,1,1,2,3,
1984,1985,1986,1987,1988,1989,1990,1991,1992,1993,1994,1995,
3,0,1,0,0,1,1,1,0,1,0,1,
1998,1999,2000,2001,2002,2003,2004,2005,2006,2007,2008,2009,
1,1,2,3,1,2,1,7,2,2,1,1,
1998,1999,2000,2001,2002,2003,2004,2005,2006,2007,2008,2009,
1,0,1,1,1,2,0,1,1,2,0,1,
1998,1999,2000,2001,2002,2003,2004,2005,2006,2007,2008,2009,
1,0,0,1,4,4,1,0,0,2,2,3,
1996,1997,1998,1999,2000,2001,2002,2003,2004,2005,2006,2007,
1,1,1,0,1,0,2,0,1,0,0,1,
1998,1999,2000,2001,2002,2003,2004,2005,2006,2007,2008,2009,
2,1,4,0,1,4,0,2,0,0,1,2,
1997,1998,1999,2000,2001,2002,2003,2004,2005,2006,2007,2008,
2,0,1,1,1,2,1,1,0,0,2,2,
1998,1999,2000,2001,2002,2003,2004,2005,2006,2007,2008,2009,
1,0,0,1,1,0,0,2,1,0,1,4,
1998,1999,2000,2001,2002,2003,2004,2005,2006,2007,2008,2009,
1,0,1,1,4,1,0,0,0,1,2,2,
1998,1999,2000,2001,2002,2003,2004,2005,2006,2007,2008,2009,
2,1,3,4,2,2,0,2,2,2,1,2,
1993,1994,1995,1996,1997,1998,1999,2000,2001,2002,2003,2004,
2,0,4,1,0,0,2,0,2,1,3,1,
1998,1999,2000,2001,2002,2003,2004,2005,2006,2007,2008,2009,
2,0,0,0,0,1,3,1,1,4,2,4,
1998,1999,2000,2001,2002,2003,2004,2005,2006,2007,2008,2009,
1,1,0,1,1,0,1,3,1,0,0,2,
1998,1999,2000,2001,2002,2003,2004,2005,2006,2007,2008,2009,
2,0,2,0,1,0,1,1,1,1,1,1,
1989,1990,1991,1992,1993,1994,1995,1996,1997,1998,1999,2000,
2,0,2,1,0,1,0,0,1,0,1,2,
1998,1999,2000,2001,2002,2003,2004,2005,2006,2007,2008,2009,
1,0,1,3,6,0,1,2,0,2,1,1,
1998,1999,2000,2001,2002,2003,2004,2005,2006,2007,2008,2009,
1,0,0,1,1,0,1,0,1,2,1,1,
1998,1999,2000,2001,2002,2003,2004,2005,2006,2007,2008,2009,
1,2,0,3,0,1,1,3,1,0,0,2,
1998,1999,2000,2001,2002,2003,2004,2005,2006,2007,2008,2009,
1,0,0,0,0,1,0,2,1,2,1,2,
1998,1999,2000,2001,2002,2003,2004,2005,2006,2007,2008,2009,
1,2,0,0,2,3,2,1,1,0,1,1,
1998,1999,2000,2001,2002,2003,2004,2005,2006,2007,2008,2009,
5,2,2,5,3,0,2,0,0,2,4,3,
1998,1999,2000,2001,2002,2003,2004,2005,2006,2007,2008,2009,
1,0,1,4,2,4,0,1,0,1,5,3,
1998,1999,2000,2001,2002,2003,2004,2005,2006,2007,2008,2009,
1,0,0,0,1,1,1,2,1,4,6,7,
1997,1998,1999,2000,2001,2002,2003,2004,2005,2006,2007,2008,
1,1,0,1,1,1,0,0,0,0,1,1,
1998,1999,2000,2001,2002,2003,2004,2005,2006,2007,2008,2009,
1,1,2,1,2,4,0,0,2,0,1,2,
1983,1984,1985,1986,1987,1988,1989,1990,1991,1992,1993,1994,
1,1,1,0,1,1,5,0,0,1,0,1,
1967,1968,1969,1970,1971,1972,1973,1974,1975,1976,1977,1978,
1,2,3,2,1,0,0,0,1,1,0,1,
1979,1980,1981,1982,1983,1984,1985,1986,1987,1988,1989,1990,
6,1,1,4,2,0,0,0,2,2,1,1,
1982,1983,1984,1985,1986,1987,1988,1989,1990,1991,1992,1993,
3,2,2,0,0,0,3,1,1,0,1,1,
1978,1979,1980,1981,1982,1983,1984,1985,1986,1987,1988,1989,
2,2,3,3,0,0,0,1,0,2,0,1,
1988,1989,1990,1991,1992,1993,1994,1995,1996,1997,1998,1999,
4,1,1,2,1,0,1,1,0,0,0,1,
1980,1981,1982,1983,1984,1985,1986,1987,1988,1989,1990,1991,
1,0,1,1,1,1,0,1,2,2,0,1,
1998,1999,2000,2001,2002,2003,2004,2005,2006,2007,2008,2009,
1,0,0,1,5,7,0,3,1,3,3,3,
1977,1978,1979,1980,1981,1982,1983,1984,1985,1986,1987,1988,
1,1,1,1,0,0,0,1,1,0,0,1,
1968,1969,1970,1971,1972,1973,1974,1975,1976,1977,1978,1979,
3,2,1,2,2,1,0,1,1,1,0,1,
1997,1998,1999,2000,2001,2002,2003,2004,2005,2006,2007,2008,
1,0,4,3,3,0,3,1,0,0,2,1,
1979,1980,1981,1982,1983,1984,1985,1986,1987,1988,1989,1990,
5,3,7,6,4,2,2,1,2,2,6,1,
1973,1974,1975,1976,1977,1978,1979,1980,1981,1982,1983,1984,
1,1,3,2,1,1,0,0,0,0,0,1,
1970,1971,1972,1973,1974,1975,1976,1977,1978,1979,1980,1981,
1,0,0,2,0,0,1,1,1,1,0,1,
1997,1998,1999,2000,2001,2002,2003,2004,2005,2006,2007,2008,
4,2,1,2,5,3,4,2,0,0,1,1,
1978,1979,1980,1981,1982,1983,1984,1985,1986,1987,1988,1989,
5,1,2,0,0,1,2,1,1,0,0,1,
1980,1981,1982,1983,1984,1985,1986,1987,1988,1989,1990,1991,
4,4,2,0,2,0,0,1,1,2,0,3,
1984,1985,1986,1987,1988,1989,1990,1991,1992,1993,1994,1995,
2,1,1,3,1,0,1,0,0,0,0,1,
1998,1999,2000,2001,2002,2003,2004,2005,2006,2007,2008,2009,
2,5,9,4,14,15,11,4,3,13,10,7,
1997,1998,1999,2000,2001,2002,2003,2004,2005,2006,2007,2008,
1,2,0,3,1,0,1,1,0,0,0,1,
1995,1996,1997,1998,1999,2000,2001,2002,2003,2004,2005,2006,
1,1,1,1,1,2,0,0,0,1,0,1,
1998,1999,2000,2001,2002,2003,2004,2005,2006,2007,2008,2009,
1,0,1,1,4,0,0,2,1,3,1,5,
1998,1999,2000,2001,2002,2003,2004,2005,2006,2007,2008,2009,
1,1,3,4,8,7,5,10,2,2,3,6,
1997,1998,1999,2000,2001,2002,2003,2004,2005,2006,2007,2008,
2,1,0,0,2,1,0,1,3,0,1,1,
1998,1999,2000,2001,2002,2003,2004,2005,2006,2007,2008,2009,
2,1,2,2,0,1,1,0,1,0,0,1,
1993,1994,1995,1996,1997,1998,1999,2000,2001,2002,2003,2004,
1,0,0,3,3,0,1,2,1,0,0,1,
1998,1999,2000,2001,2002,2003,2004,2005,2006,2007,2008,2009,
1,0,0,0,0,1,1,1,0,1,1,2,
1996,1997,1998,1999,2000,2001,2002,2003,2004,2005,2006,2007,
1,1,2,1,1,0,1,0,0,0,0,1,
1998,1999,2000,2001,2002,2003,2004,2005,2006,2007,2008,2009,
2,3,4,4,2,14,12,5,12,14,24,16,
1998,1999,2000,2001,2002,2003,2004,2005,2006,2007,2008,2009,
1,6,5,2,3,6,1,1,1,1,2,2,
1998,1999,2000,2001,2002,2003,2004,2005,2006,2007,2008,2009,
1,0,3,3,1,1,1,0,0,0,2,1,
1998,1999,2000,2001,2002,2003,2004,2005,2006,2007,2008,2009,
2,0,2,1,1,0,0,0,3,1,0,2,
1997,1998,1999,2000,2001,2002,2003,2004,2005,2006,2007,2008,
1,4,1,8,4,7,6,3,1,3,0,2,
1995,1996,1997,1998,1999,2000,2001,2002,2003,2004,2005,2006,
4,2,1,0,1,0,1,1,0,0,0,1,
1998,1999,2000,2001,2002,2003,2004,2005,2006,2007,2008,2009,
1,6,7,7,7,5,3,3,3,3,3,2,
1997,1998,1999,2000,2001,2002,2003,2004,2005,2006,2007,2008,
1,0,0,2,3,1,1,0,0,1,0,1,
1998,1999,2000,2001,2002,2003,2004,2005,2006,2007,2008,2009,
2,1,1,1,1,0,0,0,0,2,0,1,
1994,1995,1996,1997,1998,1999,2000,2001,2002,2003,2004,2005,
1,5,1,0,1,0,1,0,1,1,0,1,
1993,1994,1995,1996,1997,1998,1999,2000,2001,2002,2003,2004,
1,0,2,1,0,0,1,0,1,1,0,1,
1992,1993,1994,1995,1996,1997,1998,1999,2000,2001,2002,2003,
1,2,1,1,2,3,1,0,0,0,2,2,
1998,1999,2000,2001,2002,2003,2004,2005,2006,2007,2008,2009,
1,3,3,1,6,5,3,1,4,1,2,2,
1993,1994,1995,1996,1997,1998,1999,2000,2001,2002,2003,2004,
1,1,0,2,0,1,1,0,0,1,0,1,
1998,1999,2000,2001,2002,2003,2004,2005,2006,2007,2008,2009,
1,0,1,3,1,1,0,1,0,1,0,1,
1992,1993,1994,1995,1996,1997,1998,1999,2000,2001,2002,2003,
1,1,0,0,0,1,1,1,2,1,4,2,
1998,1999,2000,2001,2002,2003,2004,2005,2006,2007,2008,2009,
1,1,1,2,5,3,0,1,1,4,1,3,
1998,1999,2000,2001,2002,2003,2004,2005,2006,2007,2008,2009,
1,1,2,2,2,1,1,0,0,3,4,1,
1991,1992,1993,1994,1995,1996,1997,1998,1999,2000,2001,2002,
1,6,3,2,6,3,1,1,1,1,0,1,
1997,1998,1999,2000,2001,2002,2003,2004,2005,2006,2007,2008,
2,0,0,0,2,1,0,1,1,0,2,1,
1997,1998,1999,2000,2001,2002,2003,2004,2005,2006,2007,2008,
1,0,0,0,1,1,1,2,0,0,1,1,
1998,1999,2000,2001,2002,2003,2004,2005,2006,2007,2008,2009,
1,0,1,0,1,1,0,0,0,1,1,1,
1998,1999,2000,2001,2002,2003,2004,2005,2006,2007,2008,2009,
4,1,3,4,2,2,1,0,2,1,2,3,
1997,1998,1999,2000,2001,2002,2003,2004,2005,2006,2007,2008,
2,1,1,3,1,2,0,0,0,0,0,2,
1993,1994,1995,1996,1997,1998,1999,2000,2001,2002,2003,2004,
1,1,1,1,1,1,1,0,1,0,1,1,
1995,1996,1997,1998,1999,2000,2001,2002,2003,2004,2005,2006,
1,0,1,0,2,0,1,1,0,1,1,1,
1997,1998,1999,2000,2001,2002,2003,2004,2005,2006,2007,2008,
2,1,0,1,0,1,2,0,2,0,1,1,
1998,1999,2000,2001,2002,2003,2004,2005,2006,2007,2008,2009,
1,1,0,0,2,0,0,0,2,1,3,1,
1998,1999,2000,2001,2002,2003,2004,2005,2006,2007,2008,2009,
3,1,2,3,1,2,1,0,0,6,0,2,
1998,1999,2000,2001,2002,2003,2004,2005,2006,2007,2008,2009,
1,1,2,4,1,2,1,0,0,3,3,2,
1987,1988,1989,1990,1991,1992,1993,1994,1995,1996,1997,1998,
1,1,2,0,0,0,1,1,2,0,0,1,
1998,1999,2000,2001,2002,2003,2004,2005,2006,2007,2008,2009,
3,6,2,5,4,9,4,1,2,2,1,8,
1997,1998,1999,2000,2001,2002,2003,2004,2005,2006,2007,2008,
1,0,2,0,1,1,1,1,0,0,0,3,
1998,1999,2000,2001,2002,2003,2004,2005,2006,2007,2008,2009,
2,0,3,2,0,3,1,0,1,1,0,2,
1998,1999,2000,2001,2002,2003,2004,2005,2006,2007,2008,2009,
1,1,0,1,4,9,1,4,4,1,3,3,
1991,1992,1993,1994,1995,1996,1997,1998,1999,2000,2001,2002,
3,2,2,0,1,0,0,1,1,1,0,1,
1998,1999,2000,2001,2002,2003,2004,2005,2006,2007,2008,2009,
1,0,1,2,1,1,1,0,0,0,0,2,
1998,1999,2000,2001,2002,2003,2004,2005,2006,2007,2008,2009,
1,2,2,1,1,3,2,0,2,5,2,1,
1998,1999,2000,2001,2002,2003,2004,2005,2006,2007,2008,2009,
1,2,2,2,0,1,0,0,0,0,1,1,
1998,1999,2000,2001,2002,2003,2004,2005,2006,2007,2008,2009,
1,1,2,4,4,0,2,0,2,1,2,1,
1986,1987,1988,1989,1990,1991,1992,1993,1994,1995,1996,1997,
1,1,1,2,0,1,1,1,0,0,1,3,
1996,1997,1998,1999,2000,2001,2002,2003,2004,2005,2006,2007,
2,0,0,1,1,2,1,1,0,0,0,1,
1998,1999,2000,2001,2002,2003,2004,2005,2006,2007,2008,2009,
6,1,4,9,8,8,7,2,4,3,6,15,
1988,1989,1990,1991,1992,1993,1994,1995,1996,1997,1998,1999,
1,0,1,1,1,2,0,0,1,1,0,1,
1998,1999,2000,2001,2002,2003,2004,2005,2006,2007,2008,2009,
1,1,1,3,1,3,0,1,1,0,0,2,
1997,1998,1999,2000,2001,2002,2003,2004,2005,2006,2007,2008,
1,0,2,1,2,2,2,1,1,2,2,3,
1997,1998,1999,2000,2001,2002,2003,2004,2005,2006,2007,2008,
3,4,0,1,3,4,2,1,0,0,2,1,
1998,1999,2000,2001,2002,2003,2004,2005,2006,2007,2008,2009,
1,4,5,3,5,2,3,4,3,3,2,1,
1993,1994,1995,1996,1997,1998,1999,2000,2001,2002,2003,2004,
1,0,1,0,3,3,1,0,1,0,1,2,
1997,1998,1999,2000,2001,2002,2003,2004,2005,2006,2007,2008,
1,3,0,1,2,4,1,0,1,0,1,2,
1996,1997,1998,1999,2000,2001,2002,2003,2004,2005,2006,2007,
1,1,0,1,1,1,2,0,0,0,0,1,
1998,1999,2000,2001,2002,2003,2004,2005,2006,2007,2008,2009,
1,3,2,2,4,2,2,0,1,1,0,1,
1997,1998,1999,2000,2001,2002,2003,2004,2005,2006,2007,2008,
1,1,3,1,1,0,0,0,2,0,2,1,
1998,1999,2000,2001,2002,2003,2004,2005,2006,2007,2008,2009,
1,0,1,3,3,0,2,0,1,3,1,4,
1998,1999,2000,2001,2002,2003,2004,2005,2006,2007,2008,2009,
3,0,2,5,4,3,1,0,3,1,1,3,
1991,1992,1993,1994,1995,1996,1997,1998,1999,2000,2001,2002,
2,1,1,1,3,1,2,1,1,0,1,1,
1997,1998,1999,2000,2001,2002,2003,2004,2005,2006,2007,2008,
1,2,1,1,0,0,1,0,0,0,2,1,
1996,1997,1998,1999,2000,2001,2002,2003,2004,2005,2006,2007,
1,1,2,1,1,1,3,2,0,1,1,2,
1997,1998,1999,2000,2001,2002,2003,2004,2005,2006,2007,2008,
2,2,2,4,1,1,1,0,0,1,0,1,
1997,1998,1999,2000,2001,2002,2003,2004,2005,2006,2007,2008,
3,1,0,3,1,1,3,0,2,0,0,1,
1998,1999,2000,2001,2002,2003,2004,2005,2006,2007,2008,2009,
1,3,2,2,1,2,0,0,1,0,0,1,
1997,1998,1999,2000,2001,2002,2003,2004,2005,2006,2007,2008,
1,0,1,0,3,1,2,0,0,0,1,1,
1997,1998,1999,2000,2001,2002,2003,2004,2005,2006,2007,2008,
4,1,3,3,7,1,0,1,1,1,1,1,
1998,1999,2000,2001,2002,2003,2004,2005,2006,2007,2008,2009,
1,0,0,2,5,0,1,4,1,3,2,3,
1998,1999,2000,2001,2002,2003,2004,2005,2006,2007,2008,2009,
1,4,2,1,4,4,0,1,0,1,1,2,
1990,1991,1992,1993,1994,1995,1996,1997,1998,1999,2000,2001,
1,1,0,0,0,3,2,0,0,1,1,1,
1998,1999,2000,2001,2002,2003,2004,2005,2006,2007,2008,2009,
2,1,1,3,3,6,3,0,1,3,2,3,
1996,1997,1998,1999,2000,2001,2002,2003,2004,2005,2006,2007,
1,3,1,2,6,2,0,0,0,1,0,1,
1998,1999,2000,2001,2002,2003,2004,2005,2006,2007,2008,2009,
1,1,0,1,0,1,0,1,0,1,0,1,
1997,1998,1999,2000,2001,2002,2003,2004,2005,2006,2007,2008,
2,1,2,0,2,5,1,1,1,2,0,2,
1997,1998,1999,2000,2001,2002,2003,2004,2005,2006,2007,2008,
1,3,0,1,1,1,2,2,0,1,2,1,
1997,1998,1999,2000,2001,2002,2003,2004,2005,2006,2007,2008,
1,3,3,5,4,3,2,0,1,1,2,5,
1997,1998,1999,2000,2001,2002,2003,2004,2005,2006,2007,2008,
6,5,6,3,0,7,0,3,0,0,1,1,
1998,1999,2000,2001,2002,2003,2004,2005,2006,2007,2008,2009,
1,1,2,1,1,0,0,0,1,2,2,1,
1995,1996,1997,1998,1999,2000,2001,2002,2003,2004,2005,2006,
2,0,0,1,1,1,1,1,0,0,1,1,
1998,1999,2000,2001,2002,2003,2004,2005,2006,2007,2008,2009,
2,0,1,2,1,1,2,0,2,0,0,2,
1998,1999,2000,2001,2002,2003,2004,2005,2006,2007,2008,2009,
2,3,0,3,1,1,2,0,1,3,2,1,
1996,1997,1998,1999,2000,2001,2002,2003,2004,2005,2006,2007,
1,3,4,2,1,1,0,0,0,0,0,1,
1998,1999,2000,2001,2002,2003,2004,2005,2006,2007,2008,2009,
3,2,0,1,0,1,1,1,0,0,1,2,
1998,1999,2000,2001,2002,2003,2004,2005,2006,2007,2008,2009,
1,0,1,4,2,0,1,2,0,0,2,2,
1998,1999,2000,2001,2002,2003,2004,2005,2006,2007,2008,2009,
1,1,2,1,1,2,0,2,0,3,3,1,
1997,1998,1999,2000,2001,2002,2003,2004,2005,2006,2007,2008,
1,1,3,3,4,4,1,0,1,4,2,4,
1998,1999,2000,2001,2002,2003,2004,2005,2006,2007,2008,2009,
2,1,1,0,3,2,1,1,0,0,1,1,
1997,1998,1999,2000,2001,2002,2003,2004,2005,2006,2007,2008,
2,1,2,6,2,1,2,0,3,0,1,2,
1997,1998,1999,2000,2001,2002,2003,2004,2005,2006,2007,2008,
1,0,2,3,3,1,1,1,0,0,0,1,
1997,1998,1999,2000,2001,2002,2003,2004,2005,2006,2007,2008,
3,2,2,4,2,1,2,1,5,0,0,2,
1998,1999,2000,2001,2002,2003,2004,2005,2006,2007,2008,2009,
1,0,0,2,1,2,0,2,2,2,2,1,
1998,1999,2000,2001,2002,2003,2004,2005,2006,2007,2008,2009,
1,6,0,7,3,3,6,0,4,4,1,2,
1998,1999,2000,2001,2002,2003,2004,2005,2006,2007,2008,2009,
1,0,1,2,1,2,1,1,3,2,2,4,
1998,1999,2000,2001,2002,2003,2004,2005,2006,2007,2008,2009,
1,1,0,2,2,1,2,0,1,1,2,1,
1986,1987,1988,1989,1990,1991,1992,1993,1994,1995,1996,1997,
4,3,2,3,2,3,2,2,0,1,0,1,
1998,1999,2000,2001,2002,2003,2004,2005,2006,2007,2008,2009,
1,0,1,3,3,2,2,1,1,1,2,4,
1993,1994,1995,1996,1997,1998,1999,2000,2001,2002,2003,2004,
1,2,1,1,1,0,1,2,0,0,0,1,
1989,1990,1991,1992,1993,1994,1995,1996,1997,1998,1999,2000,
1,1,4,2,7,1,1,0,0,0,0,4,
1998,1999,2000,2001,2002,2003,2004,2005,2006,2007,2008,2009,
1,2,1,2,0,2,3,0,2,0,1,1,
1998,1999,2000,2001,2002,2003,2004,2005,2006,2007,2008,2009,
1,1,2,0,0,0,0,1,0,1,1,1,
1996,1997,1998,1999,2000,2001,2002,2003,2004,2005,2006,2007,
1,2,1,1,2,2,0,0,1,0,0,1,
1997,1998,1999,2000,2001,2002,2003,2004,2005,2006,2007,2008,
2,2,1,1,2,0,0,0,1,1,0,1,
1995,1996,1997,1998,1999,2000,2001,2002,2003,2004,2005,2006,
1,1,0,0,1,1,0,2,0,1,0,1,
1989,1990,1991,1992,1993,1994,1995,1996,1997,1998,1999,2000,
1,1,4,0,3,0,3,1,1,0,0,1,
1991,1992,1993,1994,1995,1996,1997,1998,1999,2000,2001,2002,
2,0,1,1,1,0,1,1,3,1,0,1,
1995,1996,1997,1998,1999,2000,2001,2002,2003,2004,2005,2006,
1,1,0,2,0,1,0,2,0,1,0,1,
1991,1992,1993,1994,1995,1996,1997,1998,1999,2000,2001,2002,
4,0,1,0,5,1,2,0,0,1,1,1,
1988,1989,1990,1991,1992,1993,1994,1995,1996,1997,1998,1999,
1,2,1,1,1,1,0,0,0,0,0,1,
1991,1992,1993,1994,1995,1996,1997,1998,1999,2000,2001,2002,
3,4,4,1,0,0,0,1,1,0,0,1,
1998,1999,2000,2001,2002,2003,2004,2005,2006,2007,2008,2009,
1,1,1,0,1,0,0,0,1,1,1,1,
1989,1990,1991,1992,1993,1994,1995,1996,1997,1998,1999,2000,
2,1,2,1,0,0,0,1,1,0,0,1,
1991,1992,1993,1994,1995,1996,1997,1998,1999,2000,2001,2002,
6,4,4,6,2,1,1,3,1,0,1,1,
1987,1988,1989,1990,1991,1992,1993,1994,1995,1996,1997,1998,
1,3,3,0,3,1,1,0,0,0,0,1,
1993,1994,1995,1996,1997,1998,1999,2000,2001,2002,2003,2004,
1,1,1,0,1,0,0,2,0,0,1,2,
1991,1992,1993,1994,1995,1996,1997,1998,1999,2000,2001,2002,
1,2,1,0,1,1,1,0,0,0,0,1,
1995,1996,1997,1998,1999,2000,2001,2002,2003,2004,2005,2006,
1,0,2,1,1,1,2,0,0,0,0,1,
1992,1993,1994,1995,1996,1997,1998,1999,2000,2001,2002,2003,
1,2,2,3,0,2,1,1,4,0,0,1,
1997,1998,1999,2000,2001,2002,2003,2004,2005,2006,2007,2008,
1,0,1,1,0,1,1,0,1,0,1,1,
1991,1992,1993,1994,1995,1996,1997,1998,1999,2000,2001,2002,
1,3,1,0,1,1,0,0,0,0,1,1,
1987,1988,1989,1990,1991,1992,1993,1994,1995,1996,1997,1998,
1,2,7,2,3,1,5,1,1,0,1,1,
1988,1989,1990,1991,1992,1993,1994,1995,1996,1997,1998,1999,
3,3,0,1,0,4,3,1,0,0,0,2,
1990,1991,1992,1993,1994,1995,1996,1997,1998,1999,2000,2001,
1,3,2,4,2,1,0,1,1,0,1,1,
1989,1990,1991,1992,1993,1994,1995,1996,1997,1998,1999,2000,
4,11,7,1,3,0,2,0,0,0,0,1,
1986,1987,1988,1989,1990,1991,1992,1993,1994,1995,1996,1997,
1,0,0,4,2,2,5,1,1,0,0,2,
1988,1989,1990,1991,1992,1993,1994,1995,1996,1997,1998,1999,
1,0,1,1,0,1,0,1,1,1,0,1,
1993,1994,1995,1996,1997,1998,1999,2000,2001,2002,2003,2004,
1,0,1,1,0,1,0,0,1,1,0,1,
1995,1996,1997,1998,1999,2000,2001,2002,2003,2004,2005,2006,
2,1,0,4,3,0,2,4,0,1,1,1,
1991,1992,1993,1994,1995,1996,1997,1998,1999,2000,2001,2002,
3,2,4,1,6,2,0,0,1,1,2,1,
1990,1991,1992,1993,1994,1995,1996,1997,1998,1999,2000,2001,
2,3,1,5,1,2,0,3,0,1,0,1,
1990,1991,1992,1993,1994,1995,1996,1997,1998,1999,2000,2001,
1,5,4,3,1,0,0,0,0,2,0,1,
1996,1997,1998,1999,2000,2001,2002,2003,2004,2005,2006,2007,
1,1,0,2,1,1,1,1,0,1,2,2,
1996,1997,1998,1999,2000,2001,2002,2003,2004,2005,2006,2007,
1,1,0,0,3,2,2,4,2,2,0,1,
1991,1992,1993,1994,1995,1996,1997,1998,1999,2000,2001,2002,
4,2,10,3,6,1,1,0,2,2,0,1,
1990,1991,1992,1993,1994,1995,1996,1997,1998,1999,2000,2001,
3,7,3,7,1,0,4,0,1,0,0,1,
1989,1990,1991,1992,1993,1994,1995,1996,1997,1998,1999,2000,
1,4,1,1,3,1,0,0,0,1,0,1,
1989,1990,1991,1992,1993,1994,1995,1996,1997,1998,1999,2000,
1,0,1,2,3,5,2,1,2,0,1,1,
1993,1994,1995,1996,1997,1998,1999,2000,2001,2002,2003,2004,
1,1,1,0,0,1,1,1,1,1,1,2,
1991,1992,1993,1994,1995,1996,1997,1998,1999,2000,2001,2002,
2,2,0,1,1,1,3,1,0,0,2,1,
1990,1991,1992,1993,1994,1995,1996,1997,1998,1999,2000,2001,
1,3,1,2,0,0,1,0,0,0,1,2,
1997,1998,1999,2000,2001,2002,2003,2004,2005,2006,2007,2008,
1,0,0,1,0,1,1,2,1,0,2,1,
1991,1992,1993,1994,1995,1996,1997,1998,1999,2000,2001,2002,
1,3,1,1,1,2,0,0,1,0,0,2,
1990,1991,1992,1993,1994,1995,1996,1997,1998,1999,2000,2001,
1,2,2,2,3,0,0,1,1,0,2,2,
1996,1997,1998,1999,2000,2001,2002,2003,2004,2005,2006,2007,
1,2,0,0,1,3,0,0,2,1,1,1,
1992,1993,1994,1995,1996,1997,1998,1999,2000,2001,2002,2003,
1,1,0,1,0,0,1,1,0,1,0,2,
1991,1992,1993,1994,1995,1996,1997,1998,1999,2000,2001,2002,
3,3,1,5,3,0,2,2,0,1,2,1,
1991,1992,1993,1994,1995,1996,1997,1998,1999,2000,2001,2002,
2,3,5,1,3,1,0,3,0,0,0,2,
1997,1998,1999,2000,2001,2002,2003,2004,2005,2006,2007,2008,
1,0,0,1,1,1,1,0,1,0,1,1,
1991,1992,1993,1994,1995,1996,1997,1998,1999,2000,2001,2002,
1,0,0,2,1,2,1,2,0,1,0,1,
1991,1992,1993,1994,1995,1996,1997,1998,1999,2000,2001,2002,
2,0,1,1,0,1,2,0,0,2,0,2,
1997,1998,1999,2000,2001,2002,2003,2004,2005,2006,2007,2008,
1,0,1,0,2,1,0,0,1,2,0,1,
1992,1993,1994,1995,1996,1997,1998,1999,2000,2001,2002,2003,
1,4,0,2,0,0,1,1,1,0,2,1,
1991,1992,1993,1994,1995,1996,1997,1998,1999,2000,2001,2002,
1,1,7,2,1,2,0,1,2,0,0,1,
1991,1992,1993,1994,1995,1996,1997,1998,1999,2000,2001,2002,
1,1,6,3,4,1,2,0,0,0,1,1,
1992,1993,1994,1995,1996,1997,1998,1999,2000,2001,2002,2003,
1,1,1,0,0,2,1,0,1,2,1,1,
1997,1998,1999,2000,2001,2002,2003,2004,2005,2006,2007,2008,
2,0,1,2,0,0,1,1,0,0,1,1,
1991,1992,1993,1994,1995,1996,1997,1998,1999,2000,2001,2002,
1,1,2,0,0,0,1,1,1,0,0,1,
1997,1998,1999,2000,2001,2002,2003,2004,2005,2006,2007,2008,
2,1,0,2,3,0,4,0,2,2,0,5,
1998,1999,2000,2001,2002,2003,2004,2005,2006,2007,2008,2009,
2,0,0,0,0,1,1,2,0,1,1,1,
1992,1993,1994,1995,1996,1997,1998,1999,2000,2001,2002,2003,
1,0,0,1,1,2,2,1,0,1,0,1,
1998,1999,2000,2001,2002,2003,2004,2005,2006,2007,2008,2009,
1,0,2,3,2,1,0,0,1,2,0,1,
1991,1992,1993,1994,1995,1996,1997,1998,1999,2000,2001,2002,
1,1,2,1,0,0,3,1,0,0,1,1,
1991,1992,1993,1994,1995,1996,1997,1998,1999,2000,2001,2002,
6,1,3,10,4,2,4,0,1,1,1,1,
1993,1994,1995,1996,1997,1998,1999,2000,2001,2002,2003,2004,
5,2,2,1,3,1,0,1,1,2,0,1,
1998,1999,2000,2001,2002,2003,2004,2005,2006,2007,2008,2009,
1,1,1,0,1,0,0,0,0,2,1,3,
1991,1992,1993,1994,1995,1996,1997,1998,1999,2000,2001,2002,
2,2,1,1,1,1,1,0,0,0,0,1,
1991,1992,1993,1994,1995,1996,1997,1998,1999,2000,2001,2002,
1,2,0,0,1,1,1,1,2,0,0,1,
1992,1993,1994,1995,1996,1997,1998,1999,2000,2001,2002,2003,
1,0,1,2,0,1,1,0,0,1,0,1,
1991,1992,1993,1994,1995,1996,1997,1998,1999,2000,2001,2002,
1,4,0,1,3,0,0,2,0,0,1,1,
1995,1996,1997,1998,1999,2000,2001,2002,2003,2004,2005,2006,
1,0,1,1,1,2,1,1,3,0,0,1,
1991,1992,1993,1994,1995,1996,1997,1998,1999,2000,2001,2002,
1,0,9,2,5,1,1,1,0,2,2,1,
1991,1992,1993,1994,1995,1996,1997,1998,1999,2000,2001,2002,
1,1,2,0,1,0,0,1,0,0,1,1,
1997,1998,1999,2000,2001,2002,2003,2004,2005,2006,2007,2008,
1,0,0,0,2,2,1,1,2,0,0,1,
1991,1992,1993,1994,1995,1996,1997,1998,1999,2000,2001,2002,
1,1,2,1,1,0,1,0,0,0,0,1,
1994,1995,1996,1997,1998,1999,2000,2001,2002,2003,2004,2005,
1,3,1,2,0,1,0,0,1,0,0,1,
1991,1992,1993,1994,1995,1996,1997,1998,1999,2000,2001,2002,
1,4,4,3,2,1,1,0,0,3,1,2,
1992,1993,1994,1995,1996,1997,1998,1999,2000,2001,2002,2003,
1,1,0,2,2,0,1,2,1,1,0,1,
1993,1994,1995,1996,1997,1998,1999,2000,2001,2002,2003,2004,
1,2,5,0,2,0,1,1,1,0,0,1,
1997,1998,1999,2000,2001,2002,2003,2004,2005,2006,2007,2008,
4,2,2,1,0,1,0,0,1,0,1,1,
1991,1992,1993,1994,1995,1996,1997,1998,1999,2000,2001,2002,
2,1,3,0,1,0,1,1,0,0,1,1,
1991,1992,1993,1994,1995,1996,1997,1998,1999,2000,2001,2002,
2,1,1,0,0,0,0,0,1,1,2,1,
1992,1993,1994,1995,1996,1997,1998,1999,2000,2001,2002,2003,
3,2,0,2,1,1,0,0,0,0,1,1,
1994,1995,1996,1997,1998,1999,2000,2001,2002,2003,2004,2005,
1,2,1,1,2,2,2,0,0,0,0,1,
1992,1993,1994,1995,1996,1997,1998,1999,2000,2001,2002,2003,
2,2,0,1,1,0,0,1,0,0,1,1,
1991,1992,1993,1994,1995,1996,1997,1998,1999,2000,2001,2002,
2,0,0,1,4,1,2,0,1,0,1,1,
1991,1992,1993,1994,1995,1996,1997,1998,1999,2000,2001,2002,
1,2,2,1,1,1,0,0,1,1,0,1,
1993,1994,1995,1996,1997,1998,1999,2000,2001,2002,2003,2004,
1,1,3,0,3,0,1,0,0,1,1,1,
1992,1993,1994,1995,1996,1997,1998,1999,2000,2001,2002,2003,
2,1,0,3,1,2,0,2,0,1,0,1,
1992,1993,1994,1995,1996,1997,1998,1999,2000,2001,2002,2003,
3,2,0,3,0,1,1,0,2,1,4,2,
1991,1992,1993,1994,1995,1996,1997,1998,1999,2000,2001,2002,
1,1,4,1,1,1,2,5,2,2,1,1,
1998,1999,2000,2001,2002,2003,2004,2005,2006,2007,2008,2009,
1,1,2,0,2,1,0,1,1,2,1,4,
1992,1993,1994,1995,1996,1997,1998,1999,2000,2001,2002,2003,
2,3,0,2,1,2,0,0,0,1,1,1,
1995,1996,1997,1998,1999,2000,2001,2002,2003,2004,2005,2006,
2,0,1,1,0,2,1,1,1,1,0,3,
1994,1995,1996,1997,1998,1999,2000,2001,2002,2003,2004,2005,
1,1,1,0,1,1,0,0,1,1,0,1,
1995,1996,1997,1998,1999,2000,2001,2002,2003,2004,2005,2006,
1,0,1,0,1,0,1,2,0,2,3,2,
1992,1993,1994,1995,1996,1997,1998,1999,2000,2001,2002,2003,
2,5,2,4,1,5,0,0,2,1,0,1,
1992,1993,1994,1995,1996,1997,1998,1999,2000,2001,2002,2003,
2,2,2,0,1,0,2,0,0,3,0,1,
1993,1994,1995,1996,1997,1998,1999,2000,2001,2002,2003,2004,
2,0,2,1,1,0,1,1,0,0,0,1,
1980,1981,1982,1983,1984,1985,1986,1987,1988,1989,1990,1991,
1,1,7,5,2,1,0,1,0,2,0,2,
1982,1983,1984,1985,1986,1987,1988,1989,1990,1991,1992,1993,
1,1,1,1,1,2,1,1,0,0,0,1,
1998,1999,2000,2001,2002,2003,2004,2005,2006,2007,2008,2009,
1,1,2,1,0,3,1,0,0,1,0,1,
1984,1985,1986,1987,1988,1989,1990,1991,1992,1993,1994,1995,
1,0,0,1,2,2,2,1,1,0,0,2,
1977,1978,1979,1980,1981,1982,1983,1984,1985,1986,1987,1988,
1,1,2,1,1,0,0,1,1,0,0,1,
1982,1983,1984,1985,1986,1987,1988,1989,1990,1991,1992,1993,
2,3,4,0,0,2,0,0,2,1,1,1,
1986,1987,1988,1989,1990,1991,1992,1993,1994,1995,1996,1997,
3,3,2,4,5,2,1,2,1,1,0,1,
1978,1979,1980,1981,1982,1983,1984,1985,1986,1987,1988,1989,
1,1,4,2,3,3,0,0,0,0,3,1,
1982,1983,1984,1985,1986,1987,1988,1989,1990,1991,1992,1993,
2,0,2,0,1,1,1,0,1,1,0,1,
1981,1982,1983,1984,1985,1986,1987,1988,1989,1990,1991,1992,
1,0,0,1,0,2,0,1,1,0,1,1,
1973,1974,1975,1976,1977,1978,1979,1980,1981,1982,1983,1984,
2,1,3,0,1,0,1,0,1,0,0,1,
1985,1986,1987,1988,1989,1990,1991,1992,1993,1994,1995,1996,
1,0,1,1,1,1,0,1,0,0,0,1,
1981,1982,1983,1984,1985,1986,1987,1988,1989,1990,1991,1992,
4,3,1,1,0,1,2,2,1,0,0,1,
1977,1978,1979,1980,1981,1982,1983,1984,1985,1986,1987,1988,
1,2,3,2,2,1,2,0,1,0,0,2,
1979,1980,1981,1982,1983,1984,1985,1986,1987,1988,1989,1990,
2,1,2,0,1,1,1,0,0,0,0,1,
1983,1984,1985,1986,1987,1988,1989,1990,1991,1992,1993,1994,
3,1,1,1,0,0,2,0,1,0,0,1,
1986,1987,1988,1989,1990,1991,1992,1993,1994,1995,1996,1997,
1,1,2,1,0,2,1,0,0,0,0,1,
1981,1982,1983,1984,1985,1986,1987,1988,1989,1990,1991,1992,
2,1,1,1,2,0,1,0,1,0,0,1,
1998,1999,2000,2001,2002,2003,2004,2005,2006,2007,2008,2009,
1,0,2,0,0,2,0,1,1,0,1,1,
1998,1999,2000,2001,2002,2003,2004,2005,2006,2007,2008,2009,
1,0,0,0,0,2,0,2,1,3,2,2,
1998,1999,2000,2001,2002,2003,2004,2005,2006,2007,2008,2009,
2,5,6,14,8,6,4,2,3,6,6,5,
1995,1996,1997,1998,1999,2000,2001,2002,2003,2004,2005,2006,
1,2,0,4,1,1,0,2,0,0,0,1,
1998,1999,2000,2001,2002,2003,2004,2005,2006,2007,2008,2009,
1,0,0,0,3,1,1,1,0,2,0,5,
1984,1985,1986,1987,1988,1989,1990,1991,1992,1993,1994,1995,
3,2,1,5,3,2,0,1,0,1,0,1,
1998,1999,2000,2001,2002,2003,2004,2005,2006,2007,2008,2009,
1,1,2,5,5,2,2,1,1,2,1,1,
1998,1999,2000,2001,2002,2003,2004,2005,2006,2007,2008,2009,
1,1,1,0,1,1,0,0,1,1,1,1,
1998,1999,2000,2001,2002,2003,2004,2005,2006,2007,2008,2009,
1,2,4,3,4,3,1,2,2,1,1,11,
1998,1999,2000,2001,2002,2003,2004,2005,2006,2007,2008,2009,
1,1,2,2,1,2,4,0,0,2,4,2,
1998,1999,2000,2001,2002,2003,2004,2005,2006,2007,2008,2009,
3,3,1,0,2,4,2,0,1,0,1,2,
1998,1999,2000,2001,2002,2003,2004,2005,2006,2007,2008,2009,
1,1,2,1,0,2,1,1,0,0,0,2,
1996,1997,1998,1999,2000,2001,2002,2003,2004,2005,2006,2007,
2,4,1,3,1,1,1,1,0,0,0,1,
1997,1998,1999,2000,2001,2002,2003,2004,2005,2006,2007,2008,
1,0,1,2,1,1,0,1,0,1,1,2,
1996,1997,1998,1999,2000,2001,2002,2003,2004,2005,2006,2007,
1,2,1,0,1,0,0,1,0,1,0,1,
1995,1996,1997,1998,1999,2000,2001,2002,2003,2004,2005,2006,
1,0,2,0,2,1,0,1,0,1,1,1,
1996,1997,1998,1999,2000,2001,2002,2003,2004,2005,2006,2007,
1,3,1,1,0,2,0,0,0,1,1,2,
1998,1999,2000,2001,2002,2003,2004,2005,2006,2007,2008,2009,
1,0,1,0,3,0,0,0,1,1,1,2,
1997,1998,1999,2000,2001,2002,2003,2004,2005,2006,2007,2008,
1,7,2,5,1,1,2,2,2,1,0,2,
1997,1998,1999,2000,2001,2002,2003,2004,2005,2006,2007,2008,
2,6,5,2,2,3,2,0,0,0,0,1,
1998,1999,2000,2001,2002,2003,2004,2005,2006,2007,2008,2009,
1,1,2,1,8,6,1,6,2,0,2,2,
1997,1998,1999,2000,2001,2002,2003,2004,2005,2006,2007,2008,
1,2,4,4,1,0,0,1,1,0,2,2,
1997,1998,1999,2000,2001,2002,2003,2004,2005,2006,2007,2008,
1,0,0,0,1,1,1,2,0,1,0,1,
1996,1997,1998,1999,2000,2001,2002,2003,2004,2005,2006,2007,
1,0,0,0,1,1,0,1,2,1,1,1,
1998,1999,2000,2001,2002,2003,2004,2005,2006,2007,2008,2009,
1,0,1,0,2,0,0,1,1,1,0,1,
1995,1996,1997,1998,1999,2000,2001,2002,2003,2004,2005,2006,
1,0,1,1,1,1,0,0,0,1,0,1,
1998,1999,2000,2001,2002,2003,2004,2005,2006,2007,2008,2009,
1,0,1,0,1,1,0,1,1,2,2,1,
1998,1999,2000,2001,2002,2003,2004,2005,2006,2007,2008,2009,
2,2,3,2,1,2,1,1,0,0,1,1,
1998,1999,2000,2001,2002,2003,2004,2005,2006,2007,2008,2009,
1,0,2,0,3,1,0,1,0,2,0,1,
1996,1997,1998,1999,2000,2001,2002,2003,2004,2005,2006,2007,
1,2,1,2,0,1,1,0,0,0,0,1,
1996,1997,1998,1999,2000,2001,2002,2003,2004,2005,2006,2007,
3,2,1,1,0,1,3,0,2,0,0,1,
1998,1999,2000,2001,2002,2003,2004,2005,2006,2007,2008,2009,
1,0,3,5,3,4,2,6,3,6,2,10,
1996,1997,1998,1999,2000,2001,2002,2003,2004,2005,2006,2007,
1,3,0,1,0,1,4,2,1,1,1,2,
1999,2000,2001,2002,2003,2004,2005,2006,2007,2008,2009,2010,
1,0,0,0,1,1,1,2,0,0,1,1,
1997,1998,1999,2000,2001,2002,2003,2004,2005,2006,2007,2008,
1,2,1,3,1,2,3,1,0,2,1,2,
1996,1997,1998,1999,2000,2001,2002,2003,2004,2005,2006,2007,
2,4,0,1,3,0,1,0,0,1,0,2,
1997,1998,1999,2000,2001,2002,2003,2004,2005,2006,2007,2008,
3,1,2,1,1,1,0,0,0,0,0,1,
1995,1996,1997,1998,1999,2000,2001,2002,2003,2004,2005,2006,
3,3,2,0,1,2,0,2,1,0,0,1,
1997,1998,1999,2000,2001,2002,2003,2004,2005,2006,2007,2008,
4,1,2,2,3,1,0,0,1,1,0,2,
1997,1998,1999,2000,2001,2002,2003,2004,2005,2006,2007,2008,
2,0,1,1,1,4,0,0,1,0,3,1,
1998,1999,2000,2001,2002,2003,2004,2005,2006,2007,2008,2009,
2,6,1,4,3,3,0,0,2,3,1,4,
1998,1999,2000,2001,2002,2003,2004,2005,2006,2007,2008,2009,
1,1,1,0,5,1,1,1,4,0,4,1,
1997,1998,1999,2000,2001,2002,2003,2004,2005,2006,2007,2008,
3,3,5,5,3,3,0,4,0,1,0,1,
1997,1998,1999,2000,2001,2002,2003,2004,2005,2006,2007,2008,
2,0,3,2,1,1,1,0,0,0,0,1,
1998,1999,2000,2001,2002,2003,2004,2005,2006,2007,2008,2009,
1,2,1,5,2,3,0,2,0,3,3,1,
1996,1997,1998,1999,2000,2001,2002,2003,2004,2005,2006,2007,
2,1,1,0,1,2,2,0,0,1,0,1,
1995,1996,1997,1998,1999,2000,2001,2002,2003,2004,2005,2006,
1,0,2,1,0,1,2,1,2,1,0,1,
1997,1998,1999,2000,2001,2002,2003,2004,2005,2006,2007,2008,
1,1,1,0,2,0,1,1,0,0,1,1,
1997,1998,1999,2000,2001,2002,2003,2004,2005,2006,2007,2008,
1,2,1,0,1,4,0,0,1,0,0,1,
1998,1999,2000,2001,2002,2003,2004,2005,2006,2007,2008,2009,
3,1,1,4,4,0,2,3,2,5,6,4,
1997,1998,1999,2000,2001,2002,2003,2004,2005,2006,2007,2008,
1,1,1,2,1,1,1,2,0,0,3,3,
1996,1997,1998,1999,2000,2001,2002,2003,2004,2005,2006,2007,
2,2,2,1,1,0,0,0,0,0,1,1,
1998,1999,2000,2001,2002,2003,2004,2005,2006,2007,2008,2009,
1,2,1,1,0,3,1,0,0,1,1,1,
1998,1999,2000,2001,2002,2003,2004,2005,2006,2007,2008,2009,
1,0,1,1,0,0,1,0,1,1,0,1,
1997,1998,1999,2000,2001,2002,2003,2004,2005,2006,2007,2008,
1,0,1,3,2,1,1,0,1,0,1,1,
1998,1999,2000,2001,2002,2003,2004,2005,2006,2007,2008,2009,
1,0,1,2,0,1,1,4,0,3,1,2,
1997,1998,1999,2000,2001,2002,2003,2004,2005,2006,2007,2008,
2,1,1,2,0,1,1,2,1,1,1,1,
1999,2000,2001,2002,2003,2004,2005,2006,2007,2008,2009,2010,
1,2,2,7,0,0,1,1,2,1,6,1,
1995,1996,1997,1998,1999,2000,2001,2002,2003,2004,2005,2006,
1,0,1,2,0,1,4,0,1,0,0,2,
1998,1999,2000,2001,2002,2003,2004,2005,2006,2007,2008,2009,
1,1,0,2,4,2,1,0,0,3,1,2,
1997,1998,1999,2000,2001,2002,2003,2004,2005,2006,2007,2008,
10,3,12,9,3,4,5,1,1,0,2,2,
1997,1998,1999,2000,2001,2002,2003,2004,2005,2006,2007,2008,
1,0,1,0,0,3,2,2,0,0,1,1,
1999,2000,2001,2002,2003,2004,2005,2006,2007,2008,2009,2010,
1,1,2,0,3,1,0,1,0,2,5,1,
1998,1999,2000,2001,2002,2003,2004,2005,2006,2007,2008,2009,
2,3,2,0,1,1,1,0,0,1,3,1,
1998,1999,2000,2001,2002,2003,2004,2005,2006,2007,2008,2009,
1,0,1,2,0,0,1,0,1,1,0,2,
1996,1997,1998,1999,2000,2001,2002,2003,2004,2005,2006,2007,
2,3,3,1,0,1,0,2,0,0,0,1,
1997,1998,1999,2000,2001,2002,2003,2004,2005,2006,2007,2008,
1,0,1,0,1,0,0,1,1,1,0,1,
1998,1999,2000,2001,2002,2003,2004,2005,2006,2007,2008,2009,
1,0,0,1,0,2,1,1,2,2,1,2,
1997,1998,1999,2000,2001,2002,2003,2004,2005,2006,2007,2008,
2,1,1,2,3,2,4,1,0,0,1,1,
1997,1998,1999,2000,2001,2002,2003,2004,2005,2006,2007,2008,
1,0,0,2,1,2,4,0,0,0,1,2,
1998,1999,2000,2001,2002,2003,2004,2005,2006,2007,2008,2009,
2,0,1,0,3,3,0,0,2,0,6,5,
1995,1996,1997,1998,1999,2000,2001,2002,2003,2004,2005,2006,
1,2,1,0,0,1,0,3,1,0,0,1,
1996,1997,1998,1999,2000,2001,2002,2003,2004,2005,2006,2007,
1,1,2,2,1,1,2,2,0,0,0,1,
1995,1996,1997,1998,1999,2000,2001,2002,2003,2004,2005,2006,
1,0,0,1,0,0,2,1,2,1,0,1,
1996,1997,1998,1999,2000,2001,2002,2003,2004,2005,2006,2007,
5,4,1,1,3,2,2,2,0,0,0,1,
1995,1996,1997,1998,1999,2000,2001,2002,2003,2004,2005,2006,
3,3,5,1,6,4,5,1,1,0,1,1,
1997,1998,1999,2000,2001,2002,2003,2004,2005,2006,2007,2008,
1,1,0,1,0,2,0,0,1,0,1,1,
1997,1998,1999,2000,2001,2002,2003,2004,2005,2006,2007,2008,
1,4,3,0,1,2,3,0,0,1,0,1,
1997,1998,1999,2000,2001,2002,2003,2004,2005,2006,2007,2008,
4,3,1,2,0,2,1,4,0,0,0,1,
1997,1998,1999,2000,2001,2002,2003,2004,2005,2006,2007,2008,
1,0,0,0,0,1,1,1,1,0,3,2,
1997,1998,1999,2000,2001,2002,2003,2004,2005,2006,2007,2008,
1,0,4,2,1,2,3,0,2,1,0,1,
1998,1999,2000,2001,2002,2003,2004,2005,2006,2007,2008,2009,
1,2,2,1,0,0,1,0,1,0,0,1,
1997,1998,1999,2000,2001,2002,2003,2004,2005,2006,2007,2008,
1,0,0,1,2,1,2,0,0,1,2,1,
1997,1998,1999,2000,2001,2002,2003,2004,2005,2006,2007,2008,
1,0,2,0,1,0,2,0,1,1,1,1,
1996,1997,1998,1999,2000,2001,2002,2003,2004,2005,2006,2007,
1,2,0,2,1,2,1,0,1,1,1,1,
1997,1998,1999,2000,2001,2002,2003,2004,2005,2006,2007,2008,
1,2,1,1,2,2,0,0,0,0,0,2,
1997,1998,1999,2000,2001,2002,2003,2004,2005,2006,2007,2008,
1,0,4,3,1,1,2,1,0,1,3,2,
1997,1998,1999,2000,2001,2002,2003,2004,2005,2006,2007,2008,
1,2,0,1,0,1,2,0,3,0,0,2,
1995,1996,1997,1998,1999,2000,2001,2002,2003,2004,2005,2006,
1,1,1,0,0,1,3,1,0,0,0,1,
1996,1997,1998,1999,2000,2001,2002,2003,2004,2005,2006,2007,
1,0,0,1,0,2,3,1,2,1,0,2,
1995,1996,1997,1998,1999,2000,2001,2002,2003,2004,2005,2006,
1,2,1,0,0,4,1,0,1,1,0,1,
1998,1999,2000,2001,2002,2003,2004,2005,2006,2007,2008,2009,
1,0,2,3,1,1,0,0,0,1,0,1,
1997,1998,1999,2000,2001,2002,2003,2004,2005,2006,2007,2008,
1,0,0,1,1,0,1,0,2,1,0,1,
1997,1998,1999,2000,2001,2002,2003,2004,2005,2006,2007,2008,
1,0,2,0,3,1,1,0,1,1,0,1,
1998,1999,2000,2001,2002,2003,2004,2005,2006,2007,2008,2009,
1,0,2,4,4,4,1,2,0,2,0,1,
1997,1998,1999,2000,2001,2002,2003,2004,2005,2006,2007,2008,
5,0,0,1,1,1,0,2,0,1,0,1,
1997,1998,1999,2000,2001,2002,2003,2004,2005,2006,2007,2008,
1,0,1,2,2,3,0,0,0,2,0,3,
1998,1999,2000,2001,2002,2003,2004,2005,2006,2007,2008,2009,
1,1,0,1,1,1,0,2,0,0,2,2,
1998,1999,2000,2001,2002,2003,2004,2005,2006,2007,2008,2009,
1,0,1,1,1,2,0,1,4,1,0,1,
1998,1999,2000,2001,2002,2003,2004,2005,2006,2007,2008,2009,
1,1,1,6,1,2,1,0,3,0,4,2,
1998,1999,2000,2001,2002,2003,2004,2005,2006,2007,2008,2009,
4,0,4,0,2,0,0,3,0,1,1,3,
1996,1997,1998,1999,2000,2001,2002,2003,2004,2005,2006,2007,
1,1,0,2,2,0,1,1,0,0,0,3,
1997,1998,1999,2000,2001,2002,2003,2004,2005,2006,2007,2008,
1,0,7,6,8,4,6,3,1,0,1,2,
1996,1997,1998,1999,2000,2001,2002,2003,2004,2005,2006,2007,
1,2,2,8,12,6,1,3,0,0,1,3,
1998,1999,2000,2001,2002,2003,2004,2005,2006,2007,2008,2009,
6,0,0,0,0,4,1,2,2,0,9,9,
1997,1998,1999,2000,2001,2002,2003,2004,2005,2006,2007,2008,
1,2,2,1,0,1,2,0,1,3,0,4,
1997,1998,1999,2000,2001,2002,2003,2004,2005,2006,2007,2008,
2,0,1,0,3,1,2,2,1,1,2,1,
1997,1998,1999,2000,2001,2002,2003,2004,2005,2006,2007,2008,
2,2,0,1,0,1,2,0,0,1,1,2,
1996,1997,1998,1999,2000,2001,2002,2003,2004,2005,2006,2007,
1,3,1,3,2,0,2,0,1,0,2,1,
1996,1997,1998,1999,2000,2001,2002,2003,2004,2005,2006,2007,
1,0,0,1,0,1,2,4,1,0,0,1,
1997,1998,1999,2000,2001,2002,2003,2004,2005,2006,2007,2008,
1,1,2,3,5,2,0,1,4,0,5,3,
1997,1998,1999,2000,2001,2002,2003,2004,2005,2006,2007,2008,
4,3,1,5,0,1,3,1,0,0,0,1,
1998,1999,2000,2001,2002,2003,2004,2005,2006,2007,2008,2009,
1,1,1,0,0,1,0,0,0,4,2,1,
1998,1999,2000,2001,2002,2003,2004,2005,2006,2007,2008,2009,
1,0,0,2,1,1,0,1,0,0,1,1,
1997,1998,1999,2000,2001,2002,2003,2004,2005,2006,2007,2008,
1,0,2,1,3,0,1,2,0,1,0,1,
1997,1998,1999,2000,2001,2002,2003,2004,2005,2006,2007,2008,
1,0,2,1,3,2,1,0,1,0,0,2,
1997,1998,1999,2000,2001,2002,2003,2004,2005,2006,2007,2008,
2,1,5,0,2,2,4,0,1,0,1,1,
1998,1999,2000,2001,2002,2003,2004,2005,2006,2007,2008,2009,
1,0,1,1,2,1,0,1,0,2,1,2,
1998,1999,2000,2001,2002,2003,2004,2005,2006,2007,2008,2009,
3,1,2,1,2,0,0,0,0,2,1,1,
1995,1996,1997,1998,1999,2000,2001,2002,2003,2004,2005,2006,
3,2,2,1,1,1,2,3,2,0,0,1,
1996,1997,1998,1999,2000,2001,2002,2003,2004,2005,2006,2007,
1,1,0,1,1,1,2,0,0,0,1,1,
1997,1998,1999,2000,2001,2002,2003,2004,2005,2006,2007,2008,
1,2,2,2,1,2,0,0,3,0,1,1,
1997,1998,1999,2000,2001,2002,2003,2004,2005,2006,2007,2008,
1,3,1,1,0,1,1,1,0,4,0,1,
1997,1998,1999,2000,2001,2002,2003,2004,2005,2006,2007,2008,
1,2,0,1,1,1,1,0,0,0,0,1,
1997,1998,1999,2000,2001,2002,2003,2004,2005,2006,2007,2008,
1,3,1,1,1,1,0,0,1,0,1,1,
1997,1998,1999,2000,2001,2002,2003,2004,2005,2006,2007,2008,
1,1,1,2,2,1,1,0,0,0,0,1,
1998,1999,2000,2001,2002,2003,2004,2005,2006,2007,2008,2009,
1,1,3,1,0,0,2,5,1,3,1,1,
1998,1999,2000,2001,2002,2003,2004,2005,2006,2007,2008,2009,
1,0,0,0,0,1,2,1,1,1,0,2,
1982,1983,1984,1985,1986,1987,1988,1989,1990,1991,1992,1993,
1,1,0,1,0,1,2,0,0,0,1,1,
1997,1998,1999,2000,2001,2002,2003,2004,2005,2006,2007,2008,
1,0,2,1,0,0,1,1,1,1,0,2,
1994,1995,1996,1997,1998,1999,2000,2001,2002,2003,2004,2005,
1,0,0,1,2,1,2,2,4,0,0,1,
1998,1999,2000,2001,2002,2003,2004,2005,2006,2007,2008,2009,
2,0,0,1,2,8,2,4,0,2,4,6,
1998,1999,2000,2001,2002,2003,2004,2005,2006,2007,2008,2009,
1,0,0,0,4,1,0,1,0,1,1,2,
1998,1999,2000,2001,2002,2003,2004,2005,2006,2007,2008,2009,
2,0,1,2,1,1,0,0,0,1,1,1,
1998,1999,2000,2001,2002,2003,2004,2005,2006,2007,2008,2009,
1,0,0,1,1,3,1,0,0,1,0,1,
1998,1999,2000,2001,2002,2003,2004,2005,2006,2007,2008,2009,
3,1,1,1,3,2,1,3,3,3,3,3,
1986,1987,1988,1989,1990,1991,1992,1993,1994,1995,1996,1997,
1,2,5,1,5,6,1,5,0,1,0,1,
1998,1999,2000,2001,2002,2003,2004,2005,2006,2007,2008,2009,
1,0,1,0,4,2,1,6,0,9,4,8,
1998,1999,2000,2001,2002,2003,2004,2005,2006,2007,2008,2009,
1,0,1,0,1,1,1,1,0,2,1,2,
1994,1995,1996,1997,1998,1999,2000,2001,2002,2003,2004,2005,
1,2,1,1,0,0,0,0,1,1,0,2,
