1995,1996,1997,1998,1999,2000,2001,2002,2003,2004,2005,2006,2007,2008,2009,
2,1,0,0,0,0,2,3,1,0,2,0,0,2,4,
1988,1989,1990,1991,1992,1993,1994,1995,1996,1997,1998,1999,2000,2001,2002,
3,1,4,6,1,6,0,2,0,0,0,0,0,1,1,
1995,1996,1997,1998,1999,2000,2001,2002,2003,2004,2005,2006,2007,2008,2009,
1,0,0,1,1,0,0,0,1,1,1,0,0,1,1,
1995,1996,1997,1998,1999,2000,2001,2002,2003,2004,2005,2006,2007,2008,2009,
2,1,1,8,5,14,1,15,4,4,1,0,0,1,2,
1995,1996,1997,1998,1999,2000,2001,2002,2003,2004,2005,2006,2007,2008,2009,
1,0,1,1,6,3,8,2,1,0,2,0,0,2,1,
1994,1995,1996,1997,1998,1999,2000,2001,2002,2003,2004,2005,2006,2007,2008,
1,0,1,3,2,1,2,5,1,0,0,1,0,0,3,
1995,1996,1997,1998,1999,2000,2001,2002,2003,2004,2005,2006,2007,2008,2009,
2,1,9,4,8,11,10,9,11,2,3,6,7,8,6,
1995,1996,1997,1998,1999,2000,2001,2002,2003,2004,2005,2006,2007,2008,2009,
1,0,1,1,1,1,2,1,0,0,0,0,0,1,1,
1995,1996,1997,1998,1999,2000,2001,2002,2003,2004,2005,2006,2007,2008,2009,
1,1,0,2,0,3,4,3,1,1,0,0,3,1,2,
1996,1997,1998,1999,2000,2001,2002,2003,2004,2005,2006,2007,2008,2009,2010,
1,0,0,2,1,3,4,6,1,6,6,1,5,4,1,
1991,1992,1993,1994,1995,1996,1997,1998,1999,2000,2001,2002,2003,2004,2005,
3,2,1,0,3,2,0,0,1,0,1,0,0,0,1,
1995,1996,1997,1998,1999,2000,2001,2002,2003,2004,2005,2006,2007,2008,2009,
1,0,0,0,0,1,1,0,0,0,1,2,1,5,4,
1988,1989,1990,1991,1992,1993,1994,1995,1996,1997,1998,1999,2000,2001,2002,
1,2,1,1,1,0,1,0,0,0,0,0,0,1,1,
1989,1990,1991,1992,1993,1994,1995,1996,1997,1998,1999,2000,2001,2002,2003,
1,0,0,1,1,1,1,0,1,0,1,1,0,0,1,
1989,1990,1991,1992,1993,1994,1995,1996,1997,1998,1999,2000,2001,2002,2003,
3,1,2,2,4,0,2,0,2,0,0,0,2,2,1,
1987,1988,1989,1990,1991,1992,1993,1994,1995,1996,1997,1998,1999,2000,2001,
1,6,8,2,6,3,0,2,2,2,0,0,1,1,1,
1988,1989,1990,1991,1992,1993,1994,1995,1996,1997,1998,1999,2000,2001,2002,
1,1,0,0,0,1,0,2,1,0,1,0,0,1,1,
1995,1996,1997,1998,1999,2000,2001,2002,2003,2004,2005,2006,2007,2008,2009,
1,0,0,0,1,1,1,1,1,2,3,0,1,1,1,
1989,1990,1991,1992,1993,1994,1995,1996,1997,1998,1999,2000,2001,2002,2003,
3,6,1,1,3,1,0,0,1,0,0,1,0,0,2,
1987,1988,1989,1990,1991,1992,1993,1994,1995,1996,1997,1998,1999,2000,2001,
1,1,2,1,0,1,1,0,4,0,1,0,1,1,1,
1987,1988,1989,1990,1991,1992,1993,1994,1995,1996,1997,1998,1999,2000,2001,
3,0,1,3,2,6,1,1,2,3,2,0,1,1,1,
1986,1987,1988,1989,1990,1991,1992,1993,1994,1995,1996,1997,1998,1999,2000,
1,1,1,2,1,2,2,4,1,1,2,0,0,0,1,
1988,1989,1990,1991,1992,1993,1994,1995,1996,1997,1998,1999,2000,2001,2002,
1,1,3,1,1,0,2,0,0,1,0,0,0,0,4,
1995,1996,1997,1998,1999,2000,2001,2002,2003,2004,2005,2006,2007,2008,2009,
1,0,0,0,1,1,1,1,1,1,1,2,0,2,2,
1987,1988,1989,1990,1991,1992,1993,1994,1995,1996,1997,1998,1999,2000,2001,
3,0,2,1,4,3,2,1,2,2,2,2,0,0,1,
1988,1989,1990,1991,1992,1993,1994,1995,1996,1997,1998,1999,2000,2001,2002,
4,2,2,1,1,2,0,1,0,1,1,0,1,0,1,
1991,1992,1993,1994,1995,1996,1997,1998,1999,2000,2001,2002,2003,2004,2005,
1,1,0,0,2,3,3,1,5,0,2,3,1,1,2,
1986,1987,1988,1989,1990,1991,1992,1993,1994,1995,1996,1997,1998,1999,2000,
1,1,2,2,1,0,0,0,0,0,1,0,0,1,2,
1995,1996,1997,1998,1999,2000,2001,2002,2003,2004,2005,2006,2007,2008,2009,
1,1,1,0,0,0,0,0,2,0,2,0,1,2,2,
1989,1990,1991,1992,1993,1994,1995,1996,1997,1998,1999,2000,2001,2002,2003,
1,0,2,0,0,5,0,0,2,0,0,4,3,2,3,
1988,1989,1990,1991,1992,1993,1994,1995,1996,1997,1998,1999,2000,2001,2002,
2,2,0,4,2,4,0,1,0,2,0,0,0,0,1,
1988,1989,1990,1991,1992,1993,1994,1995,1996,1997,1998,1999,2000,2001,2002,
2,4,3,0,1,0,1,1,0,1,0,0,0,2,1,
1995,1996,1997,1998,1999,2000,2001,2002,2003,2004,2005,2006,2007,2008,2009,
1,0,0,0,0,1,3,2,2,1,0,0,4,9,3,
1987,1988,1989,1990,1991,1992,1993,1994,1995,1996,1997,1998,1999,2000,2001,
1,0,2,0,2,1,1,2,3,0,1,0,1,1,1,
1987,1988,1989,1990,1991,1992,1993,1994,1995,1996,1997,1998,1999,2000,2001,
1,5,6,4,6,4,3,0,0,1,0,0,0,0,2,
1988,1989,1990,1991,1992,1993,1994,1995,1996,1997,1998,1999,2000,2001,2002,
3,2,1,2,1,3,2,0,0,2,0,0,2,1,1,
1988,1989,1990,1991,1992,1993,1994,1995,1996,1997,1998,1999,2000,2001,2002,
5,4,1,2,1,5,0,0,0,0,0,0,1,1,1,
1986,1987,1988,1989,1990,1991,1992,1993,1994,1995,1996,1997,1998,1999,2000,
1,0,1,3,2,3,2,0,1,4,1,1,0,1,1,
1988,1989,1990,1991,1992,1993,1994,1995,1996,1997,1998,1999,2000,2001,2002,
1,3,2,3,2,3,0,0,0,0,0,0,1,0,1,
1995,1996,1997,1998,1999,2000,2001,2002,2003,2004,2005,2006,2007,2008,2009,
2,0,0,0,0,0,1,1,3,0,1,1,1,2,1,
1987,1988,1989,1990,1991,1992,1993,1994,1995,1996,1997,1998,1999,2000,2001,
7,6,4,1,1,2,1,0,1,0,1,0,0,0,1,
1987,1988,1989,1990,1991,1992,1993,1994,1995,1996,1997,1998,1999,2000,2001,
1,3,0,2,1,0,1,3,2,3,0,1,0,3,1,
1988,1989,1990,1991,1992,1993,1994,1995,1996,1997,1998,1999,2000,2001,2002,
2,1,1,1,1,0,1,0,0,1,0,0,1,0,1,
1988,1989,1990,1991,1992,1993,1994,1995,1996,1997,1998,1999,2000,2001,2002,
3,1,0,3,2,2,0,3,0,1,0,2,3,1,1,
1995,1996,1997,1998,1999,2000,2001,2002,2003,2004,2005,2006,2007,2008,2009,
1,0,0,0,0,0,0,0,1,1,1,1,1,3,1,
1989,1990,1991,1992,1993,1994,1995,1996,1997,1998,1999,2000,2001,2002,2003,
2,0,2,2,0,1,1,1,2,0,2,2,0,0,1,
1988,1989,1990,1991,1992,1993,1994,1995,1996,1997,1998,1999,2000,2001,2002,
3,3,5,5,0,0,1,0,1,0,1,1,1,2,1,
1989,1990,1991,1992,1993,1994,1995,1996,1997,1998,1999,2000,2001,2002,2003,
1,0,1,0,0,1,1,1,1,0,0,1,0,0,1,
1988,1989,1990,1991,1992,1993,1994,1995,1996,1997,1998,1999,2000,2001,2002,
3,3,2,1,3,0,2,0,1,0,0,0,2,0,1,
1987,1988,1989,1990,1991,1992,1993,1994,1995,1996,1997,1998,1999,2000,2001,
4,16,9,5,5,13,3,1,2,0,1,1,1,0,1,
1987,1988,1989,1990,1991,1992,1993,1994,1995,1996,1997,1998,1999,2000,2001,
1,3,3,1,2,0,0,3,0,0,1,0,0,0,1,
1988,1989,1990,1991,1992,1993,1994,1995,1996,1997,1998,1999,2000,2001,2002,
4,5,1,2,2,2,0,1,0,0,0,0,0,0,1,
1995,1996,1997,1998,1999,2000,2001,2002,2003,2004,2005,2006,2007,2008,2009,
1,0,2,1,3,6,1,0,2,0,4,3,4,2,5,
1988,1989,1990,1991,1992,1993,1994,1995,1996,1997,1998,1999,2000,2001,2002,
2,1,1,1,2,2,0,1,0,0,0,0,0,0,1,
1990,1991,1992,1993,1994,1995,1996,1997,1998,1999,2000,2001,2002,2003,2004,
1,0,1,3,0,1,0,0,0,2,0,1,1,2,1,
1987,1988,1989,1990,1991,1992,1993,1994,1995,1996,1997,1998,1999,2000,2001,
4,4,5,2,2,1,0,0,0,0,1,0,1,1,1,
1995,1996,1997,1998,1999,2000,2001,2002,2003,2004,2005,2006,2007,2008,2009,
1,2,1,1,0,0,0,1,3,0,2,1,5,5,3,
1987,1988,1989,1990,1991,1992,1993,1994,1995,1996,1997,1998,1999,2000,2001,
1,7,6,5,7,6,6,5,2,0,1,0,1,0,1,
1986,1987,1988,1989,1990,1991,1992,1993,1994,1995,1996,1997,1998,1999,2000,
1,6,3,8,2,3,0,1,4,0,0,0,0,0,1,
1985,1986,1987,1988,1989,1990,1991,1992,1993,1994,1995,1996,1997,1998,1999,
1,0,0,2,0,1,2,1,0,0,1,1,0,0,1,
1984,1985,1986,1987,1988,1989,1990,1991,1992,1993,1994,1995,1996,1997,1998,
1,0,0,1,2,1,0,2,1,0,0,1,0,0,1,
1988,1989,1990,1991,1992,1993,1994,1995,1996,1997,1998,1999,2000,2001,2002,
2,3,0,2,0,4,0,1,0,1,1,5,1,1,1,
1989,1990,1991,1992,1993,1994,1995,1996,1997,1998,1999,2000,2001,2002,2003,
2,0,1,0,0,2,0,1,1,0,2,1,0,2,2,
1988,1989,1990,1991,1992,1993,1994,1995,1996,1997,1998,1999,2000,2001,2002,
4,1,1,2,1,3,1,0,0,2,1,0,0,1,2,
1996,1997,1998,1999,2000,2001,2002,2003,2004,2005,2006,2007,2008,2009,2010,
1,0,1,0,0,2,2,3,3,7,5,15,22,15,1,
1987,1988,1989,1990,1991,1992,1993,1994,1995,1996,1997,1998,1999,2000,2001,
2,7,7,3,2,0,1,1,0,0,0,0,0,1,1,
1987,1988,1989,1990,1991,1992,1993,1994,1995,1996,1997,1998,1999,2000,2001,
1,0,0,2,3,0,2,1,1,2,0,0,0,0,1,
1987,1988,1989,1990,1991,1992,1993,1994,1995,1996,1997,1998,1999,2000,2001,
4,0,7,6,5,0,1,0,2,1,0,1,0,0,1,
1988,1989,1990,1991,1992,1993,1994,1995,1996,1997,1998,1999,2000,2001,2002,
2,1,0,2,0,2,1,1,0,1,0,0,1,0,1,
1988,1989,1990,1991,1992,1993,1994,1995,1996,1997,1998,1999,2000,2001,2002,
2,1,1,1,2,2,0,1,1,2,0,1,3,0,1,
1987,1988,1989,1990,1991,1992,1993,1994,1995,1996,1997,1998,1999,2000,2001,
1,1,1,4,3,2,2,1,0,1,2,2,0,1,3,
1981,1982,1983,1984,1985,1986,1987,1988,1989,1990,1991,1992,1993,1994,1995,
1,0,1,2,1,1,0,1,0,1,0,0,0,0,1,
1995,1996,1997,1998,1999,2000,2001,2002,2003,2004,2005,2006,2007,2008,2009,
1,0,0,1,3,1,1,1,3,0,1,1,0,0,1,
1994,1995,1996,1997,1998,1999,2000,2001,2002,2003,2004,2005,2006,2007,2008,
2,0,1,1,2,2,1,0,0,1,1,0,1,0,1,
1995,1996,1997,1998,1999,2000,2001,2002,2003,2004,2005,2006,2007,2008,2009,
2,0,0,3,0,2,1,1,2,0,0,0,1,0,2,
1995,1996,1997,1998,1999,2000,2001,2002,2003,2004,2005,2006,2007,2008,2009,
2,0,1,1,1,3,3,0,1,0,0,0,1,0,1,
1993,1994,1995,1996,1997,1998,1999,2000,2001,2002,2003,2004,2005,2006,2007,
2,2,2,1,0,1,3,2,2,1,1,0,0,1,1,
1995,1996,1997,1998,1999,2000,2001,2002,2003,2004,2005,2006,2007,2008,2009,
2,0,1,1,1,0,1,1,2,2,0,1,0,6,5,
1995,1996,1997,1998,1999,2000,2001,2002,2003,2004,2005,2006,2007,2008,2009,
2,0,3,1,5,1,2,4,2,1,2,0,1,2,4,
1994,1995,1996,1997,1998,1999,2000,2001,2002,2003,2004,2005,2006,2007,2008,
4,1,0,2,5,2,3,2,3,3,3,1,1,1,1,
1995,1996,1997,1998,1999,2000,2001,2002,2003,2004,2005,2006,2007,2008,2009,
1,0,1,1,1,0,1,0,1,0,0,0,0,2,2,
1993,1994,1995,1996,1997,1998,1999,2000,2001,2002,2003,2004,2005,2006,2007,
5,2,5,2,2,2,1,2,0,3,1,0,0,0,1,
1993,1994,1995,1996,1997,1998,1999,2000,2001,2002,2003,2004,2005,2006,2007,
1,1,0,0,3,1,4,0,1,0,0,0,0,1,1,
1995,1996,1997,1998,1999,2000,2001,2002,2003,2004,2005,2006,2007,2008,2009,
1,1,1,1,1,1,1,0,2,0,0,2,0,0,1,
1995,1996,1997,1998,1999,2000,2001,2002,2003,2004,2005,2006,2007,2008,2009,
1,0,0,1,1,0,1,2,1,0,2,2,1,2,1,
1994,1995,1996,1997,1998,1999,2000,2001,2002,2003,2004,2005,2006,2007,2008,
5,2,1,2,0,1,1,1,0,1,0,0,0,0,2,
1995,1996,1997,1998,1999,2000,2001,2002,2003,2004,2005,2006,2007,2008,2009,
3,0,12,7,11,22,9,14,10,6,6,6,13,4,12,
1995,1996,1997,1998,1999,2000,2001,2002,2003,2004,2005,2006,2007,2008,2009,
1,0,2,0,0,1,1,1,1,0,0,0,1,0,1,
1994,1995,1996,1997,1998,1999,2000,2001,2002,2003,2004,2005,2006,2007,2008,
3,3,1,2,0,1,0,0,2,0,0,0,1,0,1,
1995,1996,1997,1998,1999,2000,2001,2002,2003,2004,2005,2006,2007,2008,2009,
5,2,4,0,1,2,4,4,4,1,2,0,2,4,3,
1994,1995,1996,1997,1998,1999,2000,2001,2002,2003,2004,2005,2006,2007,2008,
2,3,0,0,0,1,1,2,0,1,0,0,0,2,1,
1995,1996,1997,1998,1999,2000,2001,2002,2003,2004,2005,2006,2007,2008,2009,
2,2,1,0,2,9,1,1,1,1,0,3,1,3,1,
1995,1996,1997,1998,1999,2000,2001,2002,2003,2004,2005,2006,2007,2008,2009,
1,2,0,1,3,1,3,2,1,0,0,0,1,1,2,
1995,1996,1997,1998,1999,2000,2001,2002,2003,2004,2005,2006,2007,2008,2009,
1,0,0,0,0,1,0,6,4,1,5,1,5,11,8,
1995,1996,1997,1998,1999,2000,2001,2002,2003,2004,2005,2006,2007,2008,2009,
1,2,2,1,0,0,3,2,4,1,0,0,1,1,1,
1995,1996,1997,1998,1999,2000,2001,2002,2003,2004,2005,2006,2007,2008,2009,
6,2,8,10,6,10,11,14,13,5,6,9,12,14,3,
1995,1996,1997,1998,1999,2000,2001,2002,2003,2004,2005,2006,2007,2008,2009,
1,1,0,1,0,1,0,2,2,1,0,3,2,4,2,
1995,1996,1997,1998,1999,2000,2001,2002,2003,2004,2005,2006,2007,2008,2009,
1,1,0,0,1,2,2,1,1,2,0,1,2,3,4,
1995,1996,1997,1998,1999,2000,2001,2002,2003,2004,2005,2006,2007,2008,2009,
1,0,0,0,0,1,1,0,0,0,1,3,2,2,4,
1994,1995,1996,1997,1998,1999,2000,2001,2002,2003,2004,2005,2006,2007,2008,
4,2,1,4,0,0,3,0,2,0,0,1,1,1,1,
1995,1996,1997,1998,1999,2000,2001,2002,2003,2004,2005,2006,2007,2008,2009,
4,2,6,2,3,5,4,2,4,2,1,3,2,3,1,
1995,1996,1997,1998,1999,2000,2001,2002,2003,2004,2005,2006,2007,2008,2009,
1,0,0,0,3,0,0,4,2,0,2,3,1,2,2,
1995,1996,1997,1998,1999,2000,2001,2002,2003,2004,2005,2006,2007,2008,2009,
2,1,3,1,0,2,1,1,0,2,1,0,2,3,1,
1995,1996,1997,1998,1999,2000,2001,2002,2003,2004,2005,2006,2007,2008,2009,
1,0,2,5,2,0,2,1,1,0,1,2,0,2,1,
1995,1996,1997,1998,1999,2000,2001,2002,2003,2004,2005,2006,2007,2008,2009,
1,2,2,2,2,1,5,3,3,2,1,5,5,3,7,
1995,1996,1997,1998,1999,2000,2001,2002,2003,2004,2005,2006,2007,2008,2009,
3,0,0,0,3,6,4,1,1,0,1,0,1,3,2,
1995,1996,1997,1998,1999,2000,2001,2002,2003,2004,2005,2006,2007,2008,2009,
7,1,2,3,3,3,3,2,5,1,5,1,3,6,3,
1995,1996,1997,1998,1999,2000,2001,2002,2003,2004,2005,2006,2007,2008,2009,
2,3,2,1,1,4,0,2,2,0,4,1,2,1,3,
1995,1996,1997,1998,1999,2000,2001,2002,2003,2004,2005,2006,2007,2008,2009,
1,0,1,0,0,1,0,2,0,0,2,1,0,3,2,
1995,1996,1997,1998,1999,2000,2001,2002,2003,2004,2005,2006,2007,2008,2009,
1,0,0,2,0,0,0,7,2,0,3,1,3,2,2,
1995,1996,1997,1998,1999,2000,2001,2002,2003,2004,2005,2006,2007,2008,2009,
1,0,2,1,1,0,1,4,1,2,1,0,2,3,1,
1994,1995,1996,1997,1998,1999,2000,2001,2002,2003,2004,2005,2006,2007,2008,
1,0,1,1,1,0,0,2,2,1,0,0,0,0,1,
1995,1996,1997,1998,1999,2000,2001,2002,2003,2004,2005,2006,2007,2008,2009,
3,1,1,0,0,2,1,2,0,0,2,0,1,0,1,
1995,1996,1997,1998,1999,2000,2001,2002,2003,2004,2005,2006,2007,2008,2009,
1,0,2,2,0,1,0,0,2,0,0,0,1,2,2,
1995,1996,1997,1998,1999,2000,2001,2002,2003,2004,2005,2006,2007,2008,2009,
2,0,1,1,1,1,0,1,1,1,2,0,2,0,2,
1995,1996,1997,1998,1999,2000,2001,2002,2003,2004,2005,2006,2007,2008,2009,
3,3,1,3,5,4,3,5,1,1,3,0,1,4,1,
1995,1996,1997,1998,1999,2000,2001,2002,2003,2004,2005,2006,2007,2008,2009,
1,0,0,0,1,1,0,0,0,1,2,6,7,6,1,
1995,1996,1997,1998,1999,2000,2001,2002,2003,2004,2005,2006,2007,2008,2009,
2,1,1,1,1,0,0,2,0,0,0,0,1,0,1,
1994,1995,1996,1997,1998,1999,2000,2001,2002,2003,2004,2005,2006,2007,2008,
1,4,1,1,0,2,1,1,0,0,0,1,1,0,2,
1994,1995,1996,1997,1998,1999,2000,2001,2002,2003,2004,2005,2006,2007,2008,
1,1,1,0,0,1,1,0,3,0,0,0,1,0,2,
1993,1994,1995,1996,1997,1998,1999,2000,2001,2002,2003,2004,2005,2006,2007,
1,1,3,0,1,3,7,3,1,2,2,0,1,0,1,
1995,1996,1997,1998,1999,2000,2001,2002,2003,2004,2005,2006,2007,2008,2009,
1,0,2,1,3,3,5,6,10,2,6,7,6,9,15,
1995,1996,1997,1998,1999,2000,2001,2002,2003,2004,2005,2006,2007,2008,2009,
1,0,4,1,1,1,3,2,2,1,3,0,2,2,1,
1995,1996,1997,1998,1999,2000,2001,2002,2003,2004,2005,2006,2007,2008,2009,
6,1,4,2,5,1,3,4,2,0,0,0,0,0,1,
1995,1996,1997,1998,1999,2000,2001,2002,2003,2004,2005,2006,2007,2008,2009,
1,1,11,1,12,0,3,3,9,2,3,1,2,9,3,
1994,1995,1996,1997,1998,1999,2000,2001,2002,2003,2004,2005,2006,2007,2008,
1,2,0,5,0,1,1,3,4,1,2,3,0,2,2,
1994,1995,1996,1997,1998,1999,2000,2001,2002,2003,2004,2005,2006,2007,2008,
2,6,6,5,2,3,4,1,4,1,1,0,2,3,1,
1994,1995,1996,1997,1998,1999,2000,2001,2002,2003,2004,2005,2006,2007,2008,
1,0,6,0,1,0,1,0,1,2,0,0,1,0,1,
1995,1996,1997,1998,1999,2000,2001,2002,2003,2004,2005,2006,2007,2008,2009,
1,0,2,0,0,1,4,3,3,1,1,4,4,2,4,
1995,1996,1997,1998,1999,2000,2001,2002,2003,2004,2005,2006,2007,2008,2009,
4,0,2,2,3,11,13,12,19,8,8,10,14,22,21,
1995,1996,1997,1998,1999,2000,2001,2002,2003,2004,2005,2006,2007,2008,2009,
2,2,2,0,1,7,3,4,3,0,1,5,7,7,2,
1994,1995,1996,1997,1998,1999,2000,2001,2002,2003,2004,2005,2006,2007,2008,
1,0,0,0,1,0,1,1,3,2,0,0,2,0,2,
1995,1996,1997,1998,1999,2000,2001,2002,2003,2004,2005,2006,2007,2008,2009,
1,0,2,1,0,0,2,2,3,1,2,2,0,3,4,
1993,1994,1995,1996,1997,1998,1999,2000,2001,2002,2003,2004,2005,2006,2007,
3,1,2,5,2,1,1,3,4,2,2,0,0,2,2,
1995,1996,1997,1998,1999,2000,2001,2002,2003,2004,2005,2006,2007,2008,2009,
2,2,4,0,1,2,1,1,0,0,0,0,1,0,4,
1995,1996,1997,1998,1999,2000,2001,2002,2003,2004,2005,2006,2007,2008,2009,
1,2,3,0,0,2,2,1,2,1,2,1,1,2,1,
1995,1996,1997,1998,1999,2000,2001,2002,2003,2004,2005,2006,2007,2008,2009,
2,3,0,0,1,0,2,1,0,0,1,0,0,2,4,
1994,1995,1996,1997,1998,1999,2000,2001,2002,2003,2004,2005,2006,2007,2008,
1,0,1,0,0,2,4,4,2,2,2,6,1,6,1,
1995,1996,1997,1998,1999,2000,2001,2002,2003,2004,2005,2006,2007,2008,2009,
2,0,4,1,3,0,1,1,1,2,0,1,1,0,1,
1995,1996,1997,1998,1999,2000,2001,2002,2003,2004,2005,2006,2007,2008,2009,
2,0,1,1,1,0,3,4,1,0,3,0,3,2,3,
1995,1996,1997,1998,1999,2000,2001,2002,2003,2004,2005,2006,2007,2008,2009,
1,1,1,0,0,2,0,0,1,1,1,1,0,1,1,
1995,1996,1997,1998,1999,2000,2001,2002,2003,2004,2005,2006,2007,2008,2009,
1,0,1,2,1,3,1,3,3,0,4,2,2,3,5,
1994,1995,1996,1997,1998,1999,2000,2001,2002,2003,2004,2005,2006,2007,2008,
1,3,0,1,1,1,2,0,2,0,0,1,1,0,1,
1994,1995,1996,1997,1998,1999,2000,2001,2002,2003,2004,2005,2006,2007,2008,
1,0,0,0,0,1,1,1,1,0,0,0,1,2,1,
1995,1996,1997,1998,1999,2000,2001,2002,2003,2004,2005,2006,2007,2008,2009,
2,3,1,1,3,4,2,6,2,2,1,3,0,2,2,
1995,1996,1997,1998,1999,2000,2001,2002,2003,2004,2005,2006,2007,2008,2009,
1,0,1,0,0,1,3,0,1,1,1,1,1,0,4,
1995,1996,1997,1998,1999,2000,2001,2002,2003,2004,2005,2006,2007,2008,2009,
1,0,2,0,2,4,7,1,4,3,6,7,14,11,7,
1995,1996,1997,1998,1999,2000,2001,2002,2003,2004,2005,2006,2007,2008,2009,
2,0,0,2,1,1,2,3,4,0,1,1,1,0,3,
1993,1994,1995,1996,1997,1998,1999,2000,2001,2002,2003,2004,2005,2006,2007,
1,0,3,3,14,1,2,4,7,8,3,1,4,0,3,
1994,1995,1996,1997,1998,1999,2000,2001,2002,2003,2004,2005,2006,2007,2008,
1,1,3,1,0,1,0,2,0,2,0,0,0,2,2,
1995,1996,1997,1998,1999,2000,2001,2002,2003,2004,2005,2006,2007,2008,2009,
1,0,6,0,1,2,2,1,0,0,0,0,1,3,1,
1993,1994,1995,1996,1997,1998,1999,2000,2001,2002,2003,2004,2005,2006,2007,
1,0,2,1,1,1,1,0,0,0,1,0,0,1,1,
1995,1996,1997,1998,1999,2000,2001,2002,2003,2004,2005,2006,2007,2008,2009,
2,0,1,0,0,3,0,3,0,1,1,1,2,3,4,
1995,1996,1997,1998,1999,2000,2001,2002,2003,2004,2005,2006,2007,2008,2009,
7,4,2,2,1,2,3,3,0,2,1,0,2,3,2,
1993,1994,1995,1996,1997,1998,1999,2000,2001,2002,2003,2004,2005,2006,2007,
2,0,0,0,2,1,5,2,2,2,1,0,1,0,1,
1995,1996,1997,1998,1999,2000,2001,2002,2003,2004,2005,2006,2007,2008,2009,
3,3,1,2,0,1,0,0,2,2,1,0,0,2,1,
1994,1995,1996,1997,1998,1999,2000,2001,2002,2003,2004,2005,2006,2007,2008,
3,1,3,3,5,3,6,9,3,4,2,1,1,2,1,
1995,1996,1997,1998,1999,2000,2001,2002,2003,2004,2005,2006,2007,2008,2009,
2,4,1,2,0,3,6,3,2,1,2,1,2,1,1,
1995,1996,1997,1998,1999,2000,2001,2002,2003,2004,2005,2006,2007,2008,2009,
1,0,1,0,0,0,1,1,0,0,1,1,0,1,1,
1995,1996,1997,1998,1999,2000,2001,2002,2003,2004,2005,2006,2007,2008,2009,
2,1,1,0,3,5,2,2,0,0,0,0,0,0,1,
1995,1996,1997,1998,1999,2000,2001,2002,2003,2004,2005,2006,2007,2008,2009,
2,1,0,0,3,5,2,6,2,0,2,2,1,4,1,
1995,1996,1997,1998,1999,2000,2001,2002,2003,2004,2005,2006,2007,2008,2009,
2,1,0,0,1,1,2,1,1,0,1,1,0,3,4,
1996,1997,1998,1999,2000,2001,2002,2003,2004,2005,2006,2007,2008,2009,2010,
6,26,30,20,49,39,35,20,7,4,8,14,12,13,1,
1995,1996,1997,1998,1999,2000,2001,2002,2003,2004,2005,2006,2007,2008,2009,
2,1,1,1,0,4,0,0,1,2,0,1,1,0,1,
1978,1979,1980,1981,1982,1983,1984,1985,1986,1987,1988,1989,1990,1991,1992,
1,0,2,5,1,1,1,0,0,0,2,1,2,0,1,
1995,1996,1997,1998,1999,2000,2001,2002,2003,2004,2005,2006,2007,2008,2009,
1,3,1,2,0,0,0,0,2,0,1,1,0,2,1,
1995,1996,1997,1998,1999,2000,2001,2002,2003,2004,2005,2006,2007,2008,2009,
9,3,4,2,0,1,3,15,11,4,6,6,4,3,5,
1994,1995,1996,1997,1998,1999,2000,2001,2002,2003,2004,2005,2006,2007,2008,
1,2,2,2,0,2,0,2,3,1,0,0,1,2,1,
1995,1996,1997,1998,1999,2000,2001,2002,2003,2004,2005,2006,2007,2008,2009,
5,2,6,2,9,18,23,16,22,23,10,6,22,26,27,
1995,1996,1997,1998,1999,2000,2001,2002,2003,2004,2005,2006,2007,2008,2009,
1,2,0,0,1,1,1,2,0,1,1,0,0,0,2,
1995,1996,1997,1998,1999,2000,2001,2002,2003,2004,2005,2006,2007,2008,2009,
8,2,0,1,4,1,5,5,1,2,3,1,3,5,2,
1995,1996,1997,1998,1999,2000,2001,2002,2003,2004,2005,2006,2007,2008,2009,
1,1,2,1,1,1,2,0,2,0,1,0,0,0,2,
1995,1996,1997,1998,1999,2000,2001,2002,2003,2004,2005,2006,2007,2008,2009,
3,6,3,2,3,3,4,2,3,4,3,3,3,5,5,
1995,1996,1997,1998,1999,2000,2001,2002,2003,2004,2005,2006,2007,2008,2009,
1,2,0,0,1,0,3,3,1,0,0,0,0,2,3,
1995,1996,1997,1998,1999,2000,2001,2002,2003,2004,2005,2006,2007,2008,2009,
1,0,0,0,0,2,0,3,2,0,3,0,2,1,2,
1995,1996,1997,1998,1999,2000,2001,2002,2003,2004,2005,2006,2007,2008,2009,
1,2,1,2,0,0,0,1,2,0,4,2,4,3,2,
1995,1996,1997,1998,1999,2000,2001,2002,2003,2004,2005,2006,2007,2008,2009,
1,1,1,0,1,2,3,0,3,0,1,1,3,1,3,
1989,1990,1991,1992,1993,1994,1995,1996,1997,1998,1999,2000,2001,2002,2003,
1,1,1,0,0,0,1,1,1,0,1,0,0,0,1,
1995,1996,1997,1998,1999,2000,2001,2002,2003,2004,2005,2006,2007,2008,2009,
1,0,1,0,3,1,1,1,0,1,1,0,0,1,1,
1992,1993,1994,1995,1996,1997,1998,1999,2000,2001,2002,2003,2004,2005,2006,
2,2,0,3,1,2,0,0,1,1,0,0,0,1,1,
1994,1995,1996,1997,1998,1999,2000,2001,2002,2003,2004,2005,2006,2007,2008,
2,2,0,0,0,2,1,1,1,0,1,1,0,1,2,
1988,1989,1990,1991,1992,1993,1994,1995,1996,1997,1998,1999,2000,2001,2002,
3,5,2,4,0,0,0,1,0,1,0,0,0,2,1,
1995,1996,1997,1998,1999,2000,2001,2002,2003,2004,2005,2006,2007,2008,2009,
3,0,2,1,4,1,1,0,1,1,0,0,0,0,1,
1994,1995,1996,1997,1998,1999,2000,2001,2002,2003,2004,2005,2006,2007,2008,
1,3,0,1,1,3,0,1,0,6,0,0,0,0,2,
1978,1979,1980,1981,1982,1983,1984,1985,1986,1987,1988,1989,1990,1991,1992,
1,1,1,0,0,3,0,0,2,0,1,0,0,1,1,
1995,1996,1997,1998,1999,2000,2001,2002,2003,2004,2005,2006,2007,2008,2009,
1,0,1,1,3,3,3,1,0,1,4,6,5,4,5,
1995,1996,1997,1998,1999,2000,2001,2002,2003,2004,2005,2006,2007,2008,2009,
1,1,2,5,0,2,1,5,0,0,0,2,1,1,2,
1994,1995,1996,1997,1998,1999,2000,2001,2002,2003,2004,2005,2006,2007,2008,
1,1,0,0,0,0,0,0,1,1,1,2,3,2,1,
1968,1969,1970,1971,1972,1973,1974,1975,1976,1977,1978,1979,1980,1981,1982,
1,2,0,0,1,0,1,1,0,1,1,2,1,0,1,
1995,1996,1997,1998,1999,2000,2001,2002,2003,2004,2005,2006,2007,2008,2009,
1,0,0,0,0,0,1,3,7,2,3,5,8,7,3,
1983,1984,1985,1986,1987,1988,1989,1990,1991,1992,1993,1994,1995,1996,1997,
4,2,3,3,0,2,3,2,0,0,1,0,0,0,1,
1966,1967,1968,1969,1970,1971,1972,1973,1974,1975,1976,1977,1978,1979,1980,
3,0,1,0,1,2,2,0,1,1,1,0,0,0,1,
1980,1981,1982,1983,1984,1985,1986,1987,1988,1989,1990,1991,1992,1993,1994,
2,1,1,4,4,0,1,4,5,4,3,2,1,0,1,
1985,1986,1987,1988,1989,1990,1991,1992,1993,1994,1995,1996,1997,1998,1999,
1,2,3,0,3,0,1,1,2,0,0,1,0,0,1,
1986,1987,1988,1989,1990,1991,1992,1993,1994,1995,1996,1997,1998,1999,2000,
3,0,1,1,0,1,3,1,0,1,0,0,0,1,1,
1974,1975,1976,1977,1978,1979,1980,1981,1982,1983,1984,1985,1986,1987,1988,
1,1,2,2,3,6,2,2,3,0,1,0,1,0,1,
1976,1977,1978,1979,1980,1981,1982,1983,1984,1985,1986,1987,1988,1989,1990,
2,2,1,1,1,0,0,0,1,0,1,0,1,0,1,
1984,1985,1986,1987,1988,1989,1990,1991,1992,1993,1994,1995,1996,1997,1998,
1,0,0,0,0,1,0,1,1,1,1,1,0,1,1,
1991,1992,1993,1994,1995,1996,1997,1998,1999,2000,2001,2002,2003,2004,2005,
5,2,2,1,2,2,0,0,0,1,1,0,0,0,1,
1983,1984,1985,1986,1987,1988,1989,1990,1991,1992,1993,1994,1995,1996,1997,
1,4,1,0,0,1,1,2,3,3,2,0,1,0,1,
1995,1996,1997,1998,1999,2000,2001,2002,2003,2004,2005,2006,2007,2008,2009,
1,2,1,2,3,2,3,0,1,2,1,0,1,1,3,
1995,1996,1997,1998,1999,2000,2001,2002,2003,2004,2005,2006,2007,2008,2009,
1,1,1,0,0,1,0,7,6,1,6,1,3,6,11,
1994,1995,1996,1997,1998,1999,2000,2001,2002,2003,2004,2005,2006,2007,2008,
1,0,1,2,1,0,1,4,0,0,0,4,0,2,3,
1995,1996,1997,1998,1999,2000,2001,2002,2003,2004,2005,2006,2007,2008,2009,
3,2,4,8,7,8,10,11,21,6,15,11,15,23,23,
1993,1994,1995,1996,1997,1998,1999,2000,2001,2002,2003,2004,2005,2006,2007,
1,2,2,3,2,3,3,1,2,2,0,0,0,1,1,
1995,1996,1997,1998,1999,2000,2001,2002,2003,2004,2005,2006,2007,2008,2009,
3,0,4,2,2,0,0,0,2,1,2,0,4,5,8,
1994,1995,1996,1997,1998,1999,2000,2001,2002,2003,2004,2005,2006,2007,2008,
1,1,2,1,3,0,1,0,1,1,0,0,0,0,2,
1995,1996,1997,1998,1999,2000,2001,2002,2003,2004,2005,2006,2007,2008,2009,
1,0,0,4,1,1,2,0,0,1,0,0,1,0,1,
1995,1996,1997,1998,1999,2000,2001,2002,2003,2004,2005,2006,2007,2008,2009,
1,0,1,2,5,2,1,1,0,1,0,1,1,3,1,
1989,1990,1991,1992,1993,1994,1995,1996,1997,1998,1999,2000,2001,2002,2003,
1,2,2,2,3,1,0,1,1,2,0,0,0,0,1,
1995,1996,1997,1998,1999,2000,2001,2002,2003,2004,2005,2006,2007,2008,2009,
1,1,2,1,2,1,5,1,2,0,3,0,0,0,1,
1995,1996,1997,1998,1999,2000,2001,2002,2003,2004,2005,2006,2007,2008,2009,
2,6,6,0,0,4,0,0,4,3,1,0,1,0,1,
1995,1996,1997,1998,1999,2000,2001,2002,2003,2004,2005,2006,2007,2008,2009,
8,10,14,13,22,23,28,31,50,30,25,27,50,59,80,
1995,1996,1997,1998,1999,2000,2001,2002,2003,2004,2005,2006,2007,2008,2009,
1,4,1,0,2,10,6,5,1,2,0,1,8,4,4,
1994,1995,1996,1997,1998,1999,2000,2001,2002,2003,2004,2005,2006,2007,2008,
1,1,1,0,0,0,0,1,2,0,1,1,0,0,2,
1995,1996,1997,1998,1999,2000,2001,2002,2003,2004,2005,2006,2007,2008,2009,
3,4,2,3,0,5,8,5,1,1,2,0,2,2,4,
1995,1996,1997,1998,1999,2000,2001,2002,2003,2004,2005,2006,2007,2008,2009,
1,1,6,1,2,4,1,0,0,2,0,0,0,0,1,
1993,1994,1995,1996,1997,1998,1999,2000,2001,2002,2003,2004,2005,2006,2007,
1,0,1,3,3,4,2,4,2,3,0,2,0,0,2,
1992,1993,1994,1995,1996,1997,1998,1999,2000,2001,2002,2003,2004,2005,2006,
3,4,2,4,0,1,2,0,2,0,1,0,1,0,1,
1995,1996,1997,1998,1999,2000,2001,2002,2003,2004,2005,2006,2007,2008,2009,
10,2,0,2,0,1,2,1,0,1,0,2,0,0,1,
1995,1996,1997,1998,1999,2000,2001,2002,2003,2004,2005,2006,2007,2008,2009,
4,4,5,3,8,9,6,9,4,2,1,1,3,4,3,
1993,1994,1995,1996,1997,1998,1999,2000,2001,2002,2003,2004,2005,2006,2007,
2,2,0,1,0,2,1,2,0,2,1,0,0,0,1,
1995,1996,1997,1998,1999,2000,2001,2002,2003,2004,2005,2006,2007,2008,2009,
3,3,0,1,0,3,1,1,1,3,2,0,0,0,1,
1988,1989,1990,1991,1992,1993,1994,1995,1996,1997,1998,1999,2000,2001,2002,
2,5,0,5,1,1,0,1,1,0,0,0,0,1,1,
1995,1996,1997,1998,1999,2000,2001,2002,2003,2004,2005,2006,2007,2008,2009,
1,1,6,8,3,7,4,5,7,3,3,1,4,5,4,
1991,1992,1993,1994,1995,1996,1997,1998,1999,2000,2001,2002,2003,2004,2005,
1,0,0,1,1,1,1,0,0,1,0,1,0,0,1,
1995,1996,1997,1998,1999,2000,2001,2002,2003,2004,2005,2006,2007,2008,2009,
2,1,2,2,3,2,1,1,0,4,7,0,4,5,2,
1993,1994,1995,1996,1997,1998,1999,2000,2001,2002,2003,2004,2005,2006,2007,
2,1,1,1,2,3,0,1,1,0,0,0,0,1,1,
1994,1995,1996,1997,1998,1999,2000,2001,2002,2003,2004,2005,2006,2007,2008,
1,2,3,5,1,1,3,3,2,1,2,0,1,1,2,
1995,1996,1997,1998,1999,2000,2001,2002,2003,2004,2005,2006,2007,2008,2009,
1,0,2,3,2,3,0,1,1,0,0,0,0,0,1,
1995,1996,1997,1998,1999,2000,2001,2002,2003,2004,2005,2006,2007,2008,2009,
1,8,5,0,4,6,4,1,5,2,1,1,2,2,3,
1995,1996,1997,1998,1999,2000,2001,2002,2003,2004,2005,2006,2007,2008,2009,
1,5,10,9,7,5,11,6,8,0,2,2,4,3,6,
1995,1996,1997,1998,1999,2000,2001,2002,2003,2004,2005,2006,2007,2008,2009,
4,5,1,1,5,10,9,3,3,6,1,2,1,0,3,
1994,1995,1996,1997,1998,1999,2000,2001,2002,2003,2004,2005,2006,2007,2008,
1,0,0,3,2,5,1,1,1,2,0,0,0,1,1,
1987,1988,1989,1990,1991,1992,1993,1994,1995,1996,1997,1998,1999,2000,2001,
4,3,2,0,1,2,0,1,1,0,0,0,0,0,1,
1994,1995,1996,1997,1998,1999,2000,2001,2002,2003,2004,2005,2006,2007,2008,
3,1,0,4,1,2,1,0,1,1,1,0,1,3,2,
1994,1995,1996,1997,1998,1999,2000,2001,2002,2003,2004,2005,2006,2007,2008,
1,1,0,1,1,1,1,0,0,0,1,0,0,0,1,
1995,1996,1997,1998,1999,2000,2001,2002,2003,2004,2005,2006,2007,2008,2009,
1,1,3,1,5,3,5,6,5,2,2,0,1,2,2,
1995,1996,1997,1998,1999,2000,2001,2002,2003,2004,2005,2006,2007,2008,2009,
2,5,7,6,10,11,8,9,4,2,3,2,4,6,7,
1994,1995,1996,1997,1998,1999,2000,2001,2002,2003,2004,2005,2006,2007,2008,
2,1,1,2,0,1,0,0,0,1,0,1,1,0,3,
1995,1996,1997,1998,1999,2000,2001,2002,2003,2004,2005,2006,2007,2008,2009,
1,0,0,0,0,0,0,0,1,3,2,2,7,5,3,
1995,1996,1997,1998,1999,2000,2001,2002,2003,2004,2005,2006,2007,2008,2009,
1,0,0,0,1,0,1,0,0,1,1,0,4,5,3,
1995,1996,1997,1998,1999,2000,2001,2002,2003,2004,2005,2006,2007,2008,2009,
1,1,1,0,0,0,1,1,2,0,0,0,1,0,2,
1995,1996,1997,1998,1999,2000,2001,2002,2003,2004,2005,2006,2007,2008,2009,
1,0,0,0,0,2,1,3,2,3,3,3,5,6,5,
1995,1996,1997,1998,1999,2000,2001,2002,2003,2004,2005,2006,2007,2008,2009,
1,1,1,4,4,3,3,2,3,1,4,1,2,6,2,
1995,1996,1997,1998,1999,2000,2001,2002,2003,2004,2005,2006,2007,2008,2009,
1,0,1,0,0,2,0,1,0,2,0,0,1,2,2,
1994,1995,1996,1997,1998,1999,2000,2001,2002,2003,2004,2005,2006,2007,2008,
2,12,4,2,1,2,1,5,0,0,0,0,0,0,1,
1995,1996,1997,1998,1999,2000,2001,2002,2003,2004,2005,2006,2007,2008,2009,
7,7,13,13,20,16,20,16,11,7,7,6,6,3,4,
1992,1993,1994,1995,1996,1997,1998,1999,2000,2001,2002,2003,2004,2005,2006,
1,0,1,2,0,1,1,0,1,0,1,1,0,0,1,
1993,1994,1995,1996,1997,1998,1999,2000,2001,2002,2003,2004,2005,2006,2007,
1,0,0,1,1,1,1,2,2,1,0,1,0,0,1,
1995,1996,1997,1998,1999,2000,2001,2002,2003,2004,2005,2006,2007,2008,2009,
9,1,1,0,1,2,2,1,0,1,1,0,0,0,1,
1990,1991,1992,1993,1994,1995,1996,1997,1998,1999,2000,2001,2002,2003,2004,
1,0,0,2,3,5,1,1,0,0,0,1,2,1,1,
1995,1996,1997,1998,1999,2000,2001,2002,2003,2004,2005,2006,2007,2008,2009,
2,1,3,1,0,1,3,6,4,1,1,7,4,3,5,
1995,1996,1997,1998,1999,2000,2001,2002,2003,2004,2005,2006,2007,2008,2009,
1,3,1,2,1,2,2,1,1,0,0,0,0,0,2,
1995,1996,1997,1998,1999,2000,2001,2002,2003,2004,2005,2006,2007,2008,2009,
1,0,1,1,0,0,2,2,1,1,0,0,0,1,1,
1995,1996,1997,1998,1999,2000,2001,2002,2003,2004,2005,2006,2007,2008,2009,
12,6,8,7,14,8,3,9,2,5,3,0,2,0,1,
1995,1996,1997,1998,1999,2000,2001,2002,2003,2004,2005,2006,2007,2008,2009,
1,0,0,2,1,4,1,2,4,0,5,0,1,2,3,
1996,1997,1998,1999,2000,2001,2002,2003,2004,2005,2006,2007,2008,2009,2010,
1,1,0,0,1,2,1,3,3,2,2,6,5,2,2,
1995,1996,1997,1998,1999,2000,2001,2002,2003,2004,2005,2006,2007,2008,2009,
2,2,3,0,0,2,0,1,0,0,0,1,0,1,2,
1995,1996,1997,1998,1999,2000,2001,2002,2003,2004,2005,2006,2007,2008,2009,
4,0,0,0,0,2,3,0,1,1,1,0,0,1,1,
1995,1996,1997,1998,1999,2000,2001,2002,2003,2004,2005,2006,2007,2008,2009,
1,0,3,1,1,1,1,0,0,0,3,0,0,2,3,
1995,1996,1997,1998,1999,2000,2001,2002,2003,2004,2005,2006,2007,2008,2009,
1,1,2,0,1,0,1,0,0,1,1,0,0,0,1,
1995,1996,1997,1998,1999,2000,2001,2002,2003,2004,2005,2006,2007,2008,2009,
2,0,3,0,1,0,0,2,1,1,0,2,0,1,1,
1994,1995,1996,1997,1998,1999,2000,2001,2002,2003,2004,2005,2006,2007,2008,
2,1,0,2,0,0,0,1,1,1,1,0,1,1,2,
1994,1995,1996,1997,1998,1999,2000,2001,2002,2003,2004,2005,2006,2007,2008,
1,0,1,2,0,0,0,1,1,0,1,1,1,1,3,
1995,1996,1997,1998,1999,2000,2001,2002,2003,2004,2005,2006,2007,2008,2009,
1,1,2,0,1,2,1,0,4,1,3,0,3,5,7,
1995,1996,1997,1998,1999,2000,2001,2002,2003,2004,2005,2006,2007,2008,2009,
3,0,5,1,5,6,4,2,1,4,1,2,4,2,1,
1995,1996,1997,1998,1999,2000,2001,2002,2003,2004,2005,2006,2007,2008,2009,
1,2,0,1,0,3,1,1,1,0,0,1,1,0,1,
1995,1996,1997,1998,1999,2000,2001,2002,2003,2004,2005,2006,2007,2008,2009,
1,0,1,0,0,1,1,1,1,0,0,0,0,1,1,
1995,1996,1997,1998,1999,2000,2001,2002,2003,2004,2005,2006,2007,2008,2009,
2,2,2,0,1,1,5,2,2,1,1,0,1,1,1,
1995,1996,1997,1998,1999,2000,2001,2002,2003,2004,2005,2006,2007,2008,2009,
1,1,2,1,1,1,0,4,0,0,0,1,0,1,1,
1995,1996,1997,1998,1999,2000,2001,2002,2003,2004,2005,2006,2007,2008,2009,
1,2,4,0,0,1,2,1,0,0,3,0,0,2,3,
1995,1996,1997,1998,1999,2000,2001,2002,2003,2004,2005,2006,2007,2008,2009,
1,1,3,0,0,0,0,1,1,1,0,1,0,1,1,
1995,1996,1997,1998,1999,2000,2001,2002,2003,2004,2005,2006,2007,2008,2009,
1,1,0,0,1,2,1,1,1,1,1,0,0,1,1,
1995,1996,1997,1998,1999,2000,2001,2002,2003,2004,2005,2006,2007,2008,2009,
1,0,1,1,4,0,4,1,1,0,0,0,0,0,1,
1995,1996,1997,1998,1999,2000,2001,2002,2003,2004,2005,2006,2007,2008,2009,
1,3,2,7,0,5,4,7,2,1,1,2,3,1,1,
1988,1989,1990,1991,1992,1993,1994,1995,1996,1997,1998,1999,2000,2001,2002,
1,2,1,3,1,0,1,1,0,0,1,0,0,1,1,
1990,1991,1992,1993,1994,1995,1996,1997,1998,1999,2000,2001,2002,2003,2004,
2,4,1,1,1,2,2,1,0,0,0,0,0,0,1,
1990,1991,1992,1993,1994,1995,1996,1997,1998,1999,2000,2001,2002,2003,2004,
2,5,4,9,7,9,3,1,1,3,2,1,0,1,1,
1989,1990,1991,1992,1993,1994,1995,1996,1997,1998,1999,2000,2001,2002,2003,
1,2,3,4,1,1,3,2,2,0,0,0,3,0,1,
1989,1990,1991,1992,1993,1994,1995,1996,1997,1998,1999,2000,2001,2002,2003,
4,2,0,3,4,1,0,0,5,4,3,1,1,0,2,
1989,1990,1991,1992,1993,1994,1995,1996,1997,1998,1999,2000,2001,2002,2003,
1,1,1,0,1,0,2,0,0,0,2,1,0,1,1,
1989,1990,1991,1992,1993,1994,1995,1996,1997,1998,1999,2000,2001,2002,2003,
1,0,3,1,3,2,4,0,1,0,1,1,0,0,1,
1990,1991,1992,1993,1994,1995,1996,1997,1998,1999,2000,2001,2002,2003,2004,
3,4,7,1,2,3,0,1,2,0,0,3,0,0,1,
1995,1996,1997,1998,1999,2000,2001,2002,2003,2004,2005,2006,2007,2008,2009,
2,1,0,0,0,1,0,3,2,1,1,2,0,3,2,
1989,1990,1991,1992,1993,1994,1995,1996,1997,1998,1999,2000,2001,2002,2003,
1,2,3,3,1,1,4,3,1,1,0,2,0,0,1,
1993,1994,1995,1996,1997,1998,1999,2000,2001,2002,2003,2004,2005,2006,2007,
3,1,0,0,2,1,2,0,2,0,1,0,2,0,1,
1988,1989,1990,1991,1992,1993,1994,1995,1996,1997,1998,1999,2000,2001,2002,
3,0,1,1,2,2,1,1,1,0,1,0,0,0,1,
1989,1990,1991,1992,1993,1994,1995,1996,1997,1998,1999,2000,2001,2002,2003,
1,1,3,5,5,2,2,4,4,2,0,2,1,1,2,
1993,1994,1995,1996,1997,1998,1999,2000,2001,2002,2003,2004,2005,2006,2007,
2,0,1,2,2,2,4,1,1,2,0,2,1,3,3,
1995,1996,1997,1998,1999,2000,2001,2002,2003,2004,2005,2006,2007,2008,2009,
3,0,0,0,2,0,1,1,4,1,1,3,1,7,5,
1995,1996,1997,1998,1999,2000,2001,2002,2003,2004,2005,2006,2007,2008,2009,
1,1,0,1,0,2,3,0,0,2,4,2,3,1,1,
1990,1991,1992,1993,1994,1995,1996,1997,1998,1999,2000,2001,2002,2003,2004,
1,0,1,1,0,3,1,0,1,0,4,2,1,0,1,
1988,1989,1990,1991,1992,1993,1994,1995,1996,1997,1998,1999,2000,2001,2002,
1,1,1,2,0,2,0,0,0,0,1,2,0,0,1,
1988,1989,1990,1991,1992,1993,1994,1995,1996,1997,1998,1999,2000,2001,2002,
1,3,0,1,1,1,0,0,2,0,0,0,1,0,2,
1991,1992,1993,1994,1995,1996,1997,1998,1999,2000,2001,2002,2003,2004,2005,
2,1,0,0,1,0,4,0,0,2,1,1,0,0,1,
1989,1990,1991,1992,1993,1994,1995,1996,1997,1998,1999,2000,2001,2002,2003,
1,0,1,1,2,1,0,1,1,0,0,2,0,0,1,
1991,1992,1993,1994,1995,1996,1997,1998,1999,2000,2001,2002,2003,2004,2005,
1,1,0,1,0,1,1,5,2,2,2,0,1,2,1,
1990,1991,1992,1993,1994,1995,1996,1997,1998,1999,2000,2001,2002,2003,2004,
2,4,1,3,1,1,0,0,0,1,1,0,0,0,1,
1990,1991,1992,1993,1994,1995,1996,1997,1998,1999,2000,2001,2002,2003,2004,
2,4,0,2,2,2,0,0,0,2,0,1,0,1,1,
1991,1992,1993,1994,1995,1996,1997,1998,1999,2000,2001,2002,2003,2004,2005,
1,1,0,0,2,1,1,0,3,1,0,0,0,0,1,
1991,1992,1993,1994,1995,1996,1997,1998,1999,2000,2001,2002,2003,2004,2005,
1,1,2,0,1,0,1,0,0,1,0,0,1,0,1,
1991,1992,1993,1994,1995,1996,1997,1998,1999,2000,2001,2002,2003,2004,2005,
2,2,1,1,3,3,2,1,0,0,1,0,0,1,1,
1989,1990,1991,1992,1993,1994,1995,1996,1997,1998,1999,2000,2001,2002,2003,
4,0,4,0,6,0,4,1,3,0,1,3,2,0,2,
1995,1996,1997,1998,1999,2000,2001,2002,2003,2004,2005,2006,2007,2008,2009,
2,0,0,0,2,0,2,2,2,0,0,1,2,2,2,
1990,1991,1992,1993,1994,1995,1996,1997,1998,1999,2000,2001,2002,2003,2004,
1,3,0,1,1,2,2,2,0,0,2,0,1,0,1,
1991,1992,1993,1994,1995,1996,1997,1998,1999,2000,2001,2002,2003,2004,2005,
2,1,1,1,1,3,1,3,1,0,0,2,2,1,1,
1991,1992,1993,1994,1995,1996,1997,1998,1999,2000,2001,2002,2003,2004,2005,
2,0,0,2,1,2,1,0,0,0,1,0,2,1,1,
1994,1995,1996,1997,1998,1999,2000,2001,2002,2003,2004,2005,2006,2007,2008,
1,0,0,1,1,0,1,2,1,1,0,0,0,0,1,
1990,1991,1992,1993,1994,1995,1996,1997,1998,1999,2000,2001,2002,2003,2004,
1,0,0,3,1,2,1,2,0,0,1,0,1,0,2,
1990,1991,1992,1993,1994,1995,1996,1997,1998,1999,2000,2001,2002,2003,2004,
1,4,2,1,0,0,1,2,1,2,2,7,0,0,1,
1991,1992,1993,1994,1995,1996,1997,1998,1999,2000,2001,2002,2003,2004,2005,
1,0,2,0,1,0,1,0,0,2,1,1,1,1,1,
1991,1992,1993,1994,1995,1996,1997,1998,1999,2000,2001,2002,2003,2004,2005,
3,2,1,0,1,0,1,0,0,1,0,1,0,0,2,
1992,1993,1994,1995,1996,1997,1998,1999,2000,2001,2002,2003,2004,2005,2006,
1,0,1,1,1,0,1,0,0,1,0,1,0,0,1,
1995,1996,1997,1998,1999,2000,2001,2002,2003,2004,2005,2006,2007,2008,2009,
1,0,1,0,3,3,3,2,0,1,3,1,0,0,3,
1995,1996,1997,1998,1999,2000,2001,2002,2003,2004,2005,2006,2007,2008,2009,
4,3,2,2,2,10,3,1,5,0,0,1,1,0,1,
1990,1991,1992,1993,1994,1995,1996,1997,1998,1999,2000,2001,2002,2003,2004,
3,3,4,5,0,4,1,1,0,1,1,0,0,3,2,
1990,1991,1992,1993,1994,1995,1996,1997,1998,1999,2000,2001,2002,2003,2004,
1,3,2,4,2,2,1,2,0,0,1,2,0,0,1,
1990,1991,1992,1993,1994,1995,1996,1997,1998,1999,2000,2001,2002,2003,2004,
1,3,3,1,2,1,0,1,0,0,2,0,1,0,1,
1995,1996,1997,1998,1999,2000,2001,2002,2003,2004,2005,2006,2007,2008,2009,
1,0,0,0,0,1,0,0,1,1,1,0,2,2,2,
1995,1996,1997,1998,1999,2000,2001,2002,2003,2004,2005,2006,2007,2008,2009,
1,1,1,0,1,0,1,1,2,0,3,2,3,2,3,
1994,1995,1996,1997,1998,1999,2000,2001,2002,2003,2004,2005,2006,2007,2008,
2,1,1,1,0,0,1,1,2,0,0,0,0,1,1,
1993,1994,1995,1996,1997,1998,1999,2000,2001,2002,2003,2004,2005,2006,2007,
1,2,1,1,1,0,2,1,1,1,0,0,0,0,2,
1991,1992,1993,1994,1995,1996,1997,1998,1999,2000,2001,2002,2003,2004,2005,
1,0,0,0,2,1,1,0,1,1,1,0,0,0,4,
1995,1996,1997,1998,1999,2000,2001,2002,2003,2004,2005,2006,2007,2008,2009,
4,0,4,2,5,7,1,12,5,7,8,14,20,21,33,
1991,1992,1993,1994,1995,1996,1997,1998,1999,2000,2001,2002,2003,2004,2005,
2,1,3,2,2,1,3,1,1,1,0,2,0,0,1,
1988,1989,1990,1991,1992,1993,1994,1995,1996,1997,1998,1999,2000,2001,2002,
1,0,1,0,1,1,1,2,0,0,0,0,0,2,1,
1995,1996,1997,1998,1999,2000,2001,2002,2003,2004,2005,2006,2007,2008,2009,
1,0,0,2,0,1,0,1,0,0,1,1,0,3,2,
1990,1991,1992,1993,1994,1995,1996,1997,1998,1999,2000,2001,2002,2003,2004,
1,6,0,1,2,2,0,0,0,0,2,0,1,0,1,
1991,1992,1993,1994,1995,1996,1997,1998,1999,2000,2001,2002,2003,2004,2005,
2,1,1,1,4,0,1,2,0,0,0,0,0,1,1,
1995,1996,1997,1998,1999,2000,2001,2002,2003,2004,2005,2006,2007,2008,2009,
1,0,1,2,2,0,1,1,0,0,1,0,0,0,1,
1991,1992,1993,1994,1995,1996,1997,1998,1999,2000,2001,2002,2003,2004,2005,
3,1,0,0,0,0,3,1,1,0,4,1,0,0,2,
1989,1990,1991,1992,1993,1994,1995,1996,1997,1998,1999,2000,2001,2002,2003,
1,0,0,1,1,0,2,1,2,0,1,1,0,0,1,
1988,1989,1990,1991,1992,1993,1994,1995,1996,1997,1998,1999,2000,2001,2002,
2,1,3,4,2,4,0,2,0,0,2,0,0,0,1,
1990,1991,1992,1993,1994,1995,1996,1997,1998,1999,2000,2001,2002,2003,2004,
2,1,0,2,4,3,1,1,0,0,0,0,2,0,1,
1990,1991,1992,1993,1994,1995,1996,1997,1998,1999,2000,2001,2002,2003,2004,
2,1,0,3,1,3,2,0,1,3,2,2,2,0,1,
1989,1990,1991,1992,1993,1994,1995,1996,1997,1998,1999,2000,2001,2002,2003,
1,2,2,0,1,1,1,1,0,0,0,0,1,0,1,
1995,1996,1997,1998,1999,2000,2001,2002,2003,2004,2005,2006,2007,2008,2009,
1,0,0,0,2,0,0,2,3,1,8,1,3,2,3,
1995,1996,1997,1998,1999,2000,2001,2002,2003,2004,2005,2006,2007,2008,2009,
1,1,0,0,1,0,1,2,0,1,0,0,0,4,1,
1990,1991,1992,1993,1994,1995,1996,1997,1998,1999,2000,2001,2002,2003,2004,
1,1,1,0,1,0,0,0,1,1,0,1,0,1,1,
1990,1991,1992,1993,1994,1995,1996,1997,1998,1999,2000,2001,2002,2003,2004,
3,2,1,1,1,3,3,2,0,1,0,0,1,2,1,
1991,1992,1993,1994,1995,1996,1997,1998,1999,2000,2001,2002,2003,2004,2005,
1,2,2,0,1,0,0,2,1,1,0,0,0,1,1,
1989,1990,1991,1992,1993,1994,1995,1996,1997,1998,1999,2000,2001,2002,2003,
4,2,2,3,2,1,6,1,4,0,1,0,2,1,1,
1990,1991,1992,1993,1994,1995,1996,1997,1998,1999,2000,2001,2002,2003,2004,
1,2,0,1,1,2,2,0,1,0,0,0,1,1,1,
1990,1991,1992,1993,1994,1995,1996,1997,1998,1999,2000,2001,2002,2003,2004,
1,0,2,2,1,1,2,0,1,0,3,0,1,0,1,
1990,1991,1992,1993,1994,1995,1996,1997,1998,1999,2000,2001,2002,2003,2004,
2,2,3,0,0,1,1,1,0,1,0,0,0,0,1,
1990,1991,1992,1993,1994,1995,1996,1997,1998,1999,2000,2001,2002,2003,2004,
4,4,3,3,0,5,2,1,0,1,3,0,0,0,1,
1988,1989,1990,1991,1992,1993,1994,1995,1996,1997,1998,1999,2000,2001,2002,
3,2,1,1,1,0,1,2,0,0,1,0,0,0,1,
1990,1991,1992,1993,1994,1995,1996,1997,1998,1999,2000,2001,2002,2003,2004,
3,1,1,0,0,0,0,1,1,1,1,1,2,1,1,
1990,1991,1992,1993,1994,1995,1996,1997,1998,1999,2000,2001,2002,2003,2004,
3,2,2,1,1,0,0,1,0,0,0,1,0,0,1,
1988,1989,1990,1991,1992,1993,1994,1995,1996,1997,1998,1999,2000,2001,2002,
1,2,5,13,3,4,1,6,0,0,0,1,0,0,1,
1994,1995,1996,1997,1998,1999,2000,2001,2002,2003,2004,2005,2006,2007,2008,
2,3,0,2,0,2,2,0,1,2,0,0,0,0,4,
1995,1996,1997,1998,1999,2000,2001,2002,2003,2004,2005,2006,2007,2008,2009,
1,2,1,1,0,1,1,1,1,2,0,0,2,1,1,
1995,1996,1997,1998,1999,2000,2001,2002,2003,2004,2005,2006,2007,2008,2009,
1,3,1,0,3,1,2,5,4,1,3,5,3,1,2,
1995,1996,1997,1998,1999,2000,2001,2002,2003,2004,2005,2006,2007,2008,2009,
1,0,2,2,0,0,1,1,1,0,0,0,0,1,2,
1995,1996,1997,1998,1999,2000,2001,2002,2003,2004,2005,2006,2007,2008,2009,
2,0,3,1,0,1,1,2,0,0,0,0,1,1,2,
1995,1996,1997,1998,1999,2000,2001,2002,2003,2004,2005,2006,2007,2008,2009,
1,1,0,0,0,4,4,3,0,1,3,0,0,3,1,
1992,1993,1994,1995,1996,1997,1998,1999,2000,2001,2002,2003,2004,2005,2006,
1,2,2,0,1,4,1,1,2,1,2,3,1,0,1,
1993,1994,1995,1996,1997,1998,1999,2000,2001,2002,2003,2004,2005,2006,2007,
4,1,1,0,2,0,1,4,0,2,2,0,1,0,3,
1995,1996,1997,1998,1999,2000,2001,2002,2003,2004,2005,2006,2007,2008,2009,
1,0,2,1,1,1,3,1,0,1,2,2,0,0,1,
1995,1996,1997,1998,1999,2000,2001,2002,2003,2004,2005,2006,2007,2008,2009,
1,0,0,1,2,1,0,0,5,2,0,1,0,1,1,
1992,1993,1994,1995,1996,1997,1998,1999,2000,2001,2002,2003,2004,2005,2006,
1,2,0,0,0,0,0,1,2,0,1,1,0,1,1,
1991,1992,1993,1994,1995,1996,1997,1998,1999,2000,2001,2002,2003,2004,2005,
1,0,0,0,1,0,0,0,1,1,3,1,1,0,1,
1993,1994,1995,1996,1997,1998,1999,2000,2001,2002,2003,2004,2005,2006,2007,
2,0,0,0,1,1,1,1,1,1,0,0,0,0,1,
1995,1996,1997,1998,1999,2000,2001,2002,2003,2004,2005,2006,2007,2008,2009,
1,0,0,0,0,6,2,1,3,3,1,0,1,2,4,
1993,1994,1995,1996,1997,1998,1999,2000,2001,2002,2003,2004,2005,2006,2007,
2,0,0,1,0,0,1,1,1,1,0,2,0,0,1,
1995,1996,1997,1998,1999,2000,2001,2002,2003,2004,2005,2006,2007,2008,2009,
3,0,2,0,0,1,1,2,1,0,1,0,1,1,1,
1991,1992,1993,1994,1995,1996,1997,1998,1999,2000,2001,2002,2003,2004,2005,
1,0,6,1,4,1,1,1,1,0,0,0,1,0,2,
1995,1996,1997,1998,1999,2000,2001,2002,2003,2004,2005,2006,2007,2008,2009,
3,1,5,5,6,10,5,14,6,7,6,4,11,14,10,
1990,1991,1992,1993,1994,1995,1996,1997,1998,1999,2000,2001,2002,2003,2004,
1,6,4,3,1,1,0,0,0,0,0,1,0,0,1,
1991,1992,1993,1994,1995,1996,1997,1998,1999,2000,2001,2002,2003,2004,2005,
1,0,1,0,3,0,3,0,1,0,1,0,0,1,1,
1993,1994,1995,1996,1997,1998,1999,2000,2001,2002,2003,2004,2005,2006,2007,
2,4,3,1,2,0,0,2,3,0,1,2,2,0,1,
1995,1996,1997,1998,1999,2000,2001,2002,2003,2004,2005,2006,2007,2008,2009,
1,0,3,3,0,2,1,4,2,1,2,1,1,2,1,
1991,1992,1993,1994,1995,1996,1997,1998,1999,2000,2001,2002,2003,2004,2005,
1,1,3,1,6,1,3,1,1,1,0,1,0,0,1,
1991,1992,1993,1994,1995,1996,1997,1998,1999,2000,2001,2002,2003,2004,2005,
2,2,4,0,2,1,1,1,0,1,0,0,0,0,1,
1995,1996,1997,1998,1999,2000,2001,2002,2003,2004,2005,2006,2007,2008,2009,
3,1,0,1,0,2,3,3,0,0,0,2,1,1,1,
1994,1995,1996,1997,1998,1999,2000,2001,2002,2003,2004,2005,2006,2007,2008,
1,1,1,6,2,0,2,4,0,2,0,1,0,0,1,
1995,1996,1997,1998,1999,2000,2001,2002,2003,2004,2005,2006,2007,2008,2009,
1,1,3,0,0,3,0,3,1,0,1,0,3,3,2,
1994,1995,1996,1997,1998,1999,2000,2001,2002,2003,2004,2005,2006,2007,2008,
2,0,1,2,4,0,2,2,6,2,2,0,0,2,2,
1995,1996,1997,1998,1999,2000,2001,2002,2003,2004,2005,2006,2007,2008,2009,
1,0,0,1,0,0,0,1,1,2,3,2,5,12,16,
1995,1996,1997,1998,1999,2000,2001,2002,2003,2004,2005,2006,2007,2008,2009,
1,0,1,0,0,0,0,1,1,1,0,2,0,2,2,
1993,1994,1995,1996,1997,1998,1999,2000,2001,2002,2003,2004,2005,2006,2007,
3,0,9,2,7,4,4,2,1,2,0,1,0,0,1,
1992,1993,1994,1995,1996,1997,1998,1999,2000,2001,2002,2003,2004,2005,2006,
1,1,3,5,1,0,0,1,4,1,0,0,0,1,1,
1993,1994,1995,1996,1997,1998,1999,2000,2001,2002,2003,2004,2005,2006,2007,
4,0,2,2,0,1,1,1,2,1,2,0,1,2,1,
1993,1994,1995,1996,1997,1998,1999,2000,2001,2002,2003,2004,2005,2006,2007,
2,3,4,0,2,1,0,1,1,3,0,0,0,0,1,
1993,1994,1995,1996,1997,1998,1999,2000,2001,2002,2003,2004,2005,2006,2007,
1,0,0,1,2,0,1,0,1,1,1,1,0,0,1,
1994,1995,1996,1997,1998,1999,2000,2001,2002,2003,2004,2005,2006,2007,2008,
1,1,0,1,0,0,0,3,1,0,1,1,1,0,1,
1991,1992,1993,1994,1995,1996,1997,1998,1999,2000,2001,2002,2003,2004,2005,
1,1,0,2,0,0,1,0,0,0,1,1,2,0,1,
1995,1996,1997,1998,1999,2000,2001,2002,2003,2004,2005,2006,2007,2008,2009,
2,1,1,0,0,1,0,0,0,0,2,2,0,2,4,
1995,1996,1997,1998,1999,2000,2001,2002,2003,2004,2005,2006,2007,2008,2009,
1,0,3,5,2,1,2,2,3,1,3,3,3,5,3,
1994,1995,1996,1997,1998,1999,2000,2001,2002,2003,2004,2005,2006,2007,2008,
1,1,0,0,2,2,0,0,1,0,1,0,0,4,1,
1995,1996,1997,1998,1999,2000,2001,2002,2003,2004,2005,2006,2007,2008,2009,
1,0,0,0,1,1,0,1,3,0,2,2,2,1,1,
1995,1996,1997,1998,1999,2000,2001,2002,2003,2004,2005,2006,2007,2008,2009,
1,1,0,0,0,0,0,3,0,0,1,3,2,2,2,
1991,1992,1993,1994,1995,1996,1997,1998,1999,2000,2001,2002,2003,2004,2005,
1,0,2,5,3,2,2,0,0,0,0,1,0,0,1,
1990,1991,1992,1993,1994,1995,1996,1997,1998,1999,2000,2001,2002,2003,2004,
1,3,2,1,0,0,1,2,0,0,1,3,2,0,1,
1995,1996,1997,1998,1999,2000,2001,2002,2003,2004,2005,2006,2007,2008,2009,
2,0,2,0,2,1,2,1,1,2,1,2,1,1,1,
1993,1994,1995,1996,1997,1998,1999,2000,2001,2002,2003,2004,2005,2006,2007,
4,2,6,4,1,2,1,1,0,1,1,0,0,0,1,
1993,1994,1995,1996,1997,1998,1999,2000,2001,2002,2003,2004,2005,2006,2007,
1,2,3,0,0,2,1,4,2,0,2,1,1,0,2,
1994,1995,1996,1997,1998,1999,2000,2001,2002,2003,2004,2005,2006,2007,2008,
2,0,1,4,0,1,1,2,0,0,0,0,0,1,1,
1995,1996,1997,1998,1999,2000,2001,2002,2003,2004,2005,2006,2007,2008,2009,
1,2,1,1,1,0,3,3,3,0,0,1,4,4,5,
1993,1994,1995,1996,1997,1998,1999,2000,2001,2002,2003,2004,2005,2006,2007,
1,1,1,2,1,1,0,1,1,0,2,0,2,0,1,
1995,1996,1997,1998,1999,2000,2001,2002,2003,2004,2005,2006,2007,2008,2009,
1,0,2,0,1,3,1,3,2,1,2,0,1,2,4,
1995,1996,1997,1998,1999,2000,2001,2002,2003,2004,2005,2006,2007,2008,2009,
1,0,3,0,0,1,1,2,0,1,0,0,1,0,2,
1995,1996,1997,1998,1999,2000,2001,2002,2003,2004,2005,2006,2007,2008,2009,
1,1,0,0,0,0,1,0,1,1,1,0,0,1,1,
1990,1991,1992,1993,1994,1995,1996,1997,1998,1999,2000,2001,2002,2003,2004,
1,0,0,2,1,3,1,1,2,0,0,0,0,2,1,
1995,1996,1997,1998,1999,2000,2001,2002,2003,2004,2005,2006,2007,2008,2009,
4,0,5,0,3,1,2,3,2,1,0,0,0,3,2,
1995,1996,1997,1998,1999,2000,2001,2002,2003,2004,2005,2006,2007,2008,2009,
1,1,2,1,2,1,3,0,2,1,1,0,0,1,2,
1995,1996,1997,1998,1999,2000,2001,2002,2003,2004,2005,2006,2007,2008,2009,
2,0,0,2,0,0,1,2,1,4,2,2,3,3,3,
1995,1996,1997,1998,1999,2000,2001,2002,2003,2004,2005,2006,2007,2008,2009,
2,0,1,1,1,1,1,0,0,1,0,1,0,0,2,
1995,1996,1997,1998,1999,2000,2001,2002,2003,2004,2005,2006,2007,2008,2009,
1,0,4,1,2,4,1,1,1,2,0,3,1,6,3,
1995,1996,1997,1998,1999,2000,2001,2002,2003,2004,2005,2006,2007,2008,2009,
1,2,0,1,3,2,2,4,3,2,6,2,2,7,6,
1994,1995,1996,1997,1998,1999,2000,2001,2002,2003,2004,2005,2006,2007,2008,
3,1,0,3,1,0,2,1,1,1,1,3,1,2,2,
1995,1996,1997,1998,1999,2000,2001,2002,2003,2004,2005,2006,2007,2008,2009,
1,0,6,0,6,4,0,4,0,1,2,1,4,7,3,
1991,1992,1993,1994,1995,1996,1997,1998,1999,2000,2001,2002,2003,2004,2005,
1,2,1,1,1,1,0,0,0,0,0,0,1,0,1,
1993,1994,1995,1996,1997,1998,1999,2000,2001,2002,2003,2004,2005,2006,2007,
1,0,6,1,2,1,0,1,1,0,0,0,0,0,1,
1991,1992,1993,1994,1995,1996,1997,1998,1999,2000,2001,2002,2003,2004,2005,
1,0,0,2,2,3,4,4,0,0,1,0,0,1,1,
1993,1994,1995,1996,1997,1998,1999,2000,2001,2002,2003,2004,2005,2006,2007,
2,1,3,1,4,0,0,2,1,0,1,1,0,0,1,
1995,1996,1997,1998,1999,2000,2001,2002,2003,2004,2005,2006,2007,2008,2009,
1,1,2,0,0,0,1,1,1,0,0,2,2,0,2,
1994,1995,1996,1997,1998,1999,2000,2001,2002,2003,2004,2005,2006,2007,2008,
1,1,2,3,0,1,1,1,1,2,1,0,0,0,1,
1992,1993,1994,1995,1996,1997,1998,1999,2000,2001,2002,2003,2004,2005,2006,
6,6,5,10,0,1,3,0,1,3,1,2,1,0,2,
1995,1996,1997,1998,1999,2000,2001,2002,2003,2004,2005,2006,2007,2008,2009,
3,1,0,0,1,1,0,1,2,0,3,0,0,1,1,
1992,1993,1994,1995,1996,1997,1998,1999,2000,2001,2002,2003,2004,2005,2006,
1,2,0,2,1,1,0,0,2,1,0,0,2,0,1,
1992,1993,1994,1995,1996,1997,1998,1999,2000,2001,2002,2003,2004,2005,2006,
2,1,0,3,1,7,2,1,2,5,1,2,0,0,1,
1995,1996,1997,1998,1999,2000,2001,2002,2003,2004,2005,2006,2007,2008,2009,
1,0,1,0,0,1,3,0,1,0,1,0,1,1,1,
1995,1996,1997,1998,1999,2000,2001,2002,2003,2004,2005,2006,2007,2008,2009,
5,0,6,3,3,3,6,9,6,2,7,12,14,14,29,
1991,1992,1993,1994,1995,1996,1997,1998,1999,2000,2001,2002,2003,2004,2005,
2,1,6,2,4,4,0,1,0,0,0,1,0,0,1,
1990,1991,1992,1993,1994,1995,1996,1997,1998,1999,2000,2001,2002,2003,2004,
3,4,4,0,3,1,0,0,1,0,0,1,1,0,1,
1995,1996,1997,1998,1999,2000,2001,2002,2003,2004,2005,2006,2007,2008,2009,
1,0,0,0,1,1,1,3,0,1,2,1,2,4,4,
1995,1996,1997,1998,1999,2000,2001,2002,2003,2004,2005,2006,2007,2008,2009,
1,2,2,0,0,0,1,2,0,0,2,1,0,0,1,
1992,1993,1994,1995,1996,1997,1998,1999,2000,2001,2002,2003,2004,2005,2006,
5,3,1,0,0,0,1,1,1,3,1,1,0,0,1,
1993,1994,1995,1996,1997,1998,1999,2000,2001,2002,2003,2004,2005,2006,2007,
3,0,1,1,0,0,1,2,0,2,2,0,0,1,4,
1995,1996,1997,1998,1999,2000,2001,2002,2003,2004,2005,2006,2007,2008,2009,
1,0,1,0,4,0,0,1,1,1,0,0,0,2,3,
1991,1992,1993,1994,1995,1996,1997,1998,1999,2000,2001,2002,2003,2004,2005,
1,1,1,0,0,0,1,1,1,1,1,2,1,1,1,
1991,1992,1993,1994,1995,1996,1997,1998,1999,2000,2001,2002,2003,2004,2005,
1,2,1,1,1,1,2,0,0,0,2,0,0,0,1,
1986,1987,1988,1989,1990,1991,1992,1993,1994,1995,1996,1997,1998,1999,2000,
3,2,2,3,2,2,0,1,0,1,1,0,0,2,2,
1995,1996,1997,1998,1999,2000,2001,2002,2003,2004,2005,2006,2007,2008,2009,
1,1,0,0,0,1,2,2,2,2,4,0,0,0,1,
1974,1975,1976,1977,1978,1979,1980,1981,1982,1983,1984,1985,1986,1987,1988,
1,0,1,1,0,0,2,1,0,1,1,0,0,2,4,
1984,1985,1986,1987,1988,1989,1990,1991,1992,1993,1994,1995,1996,1997,1998,
2,0,0,3,0,1,2,0,1,0,0,1,0,1,1,
1987,1988,1989,1990,1991,1992,1993,1994,1995,1996,1997,1998,1999,2000,2001,
1,4,4,3,2,2,1,0,1,0,1,0,0,2,2,
1982,1983,1984,1985,1986,1987,1988,1989,1990,1991,1992,1993,1994,1995,1996,
1,1,1,3,2,0,0,0,0,0,0,2,0,1,1,
1981,1982,1983,1984,1985,1986,1987,1988,1989,1990,1991,1992,1993,1994,1995,
2,1,1,0,0,1,0,1,3,0,0,0,0,1,1,
1984,1985,1986,1987,1988,1989,1990,1991,1992,1993,1994,1995,1996,1997,1998,
1,0,0,1,3,3,2,1,0,1,0,0,0,0,1,
1982,1983,1984,1985,1986,1987,1988,1989,1990,1991,1992,1993,1994,1995,1996,
9,4,0,0,2,0,1,2,1,2,0,1,0,0,1,
1995,1996,1997,1998,1999,2000,2001,2002,2003,2004,2005,2006,2007,2008,2009,
1,0,1,0,3,6,5,3,1,3,2,0,7,3,3,
1995,1996,1997,1998,1999,2000,2001,2002,2003,2004,2005,2006,2007,2008,2009,
1,1,0,0,2,3,3,4,2,3,1,2,10,2,4,
1995,1996,1997,1998,1999,2000,2001,2002,2003,2004,2005,2006,2007,2008,2009,
1,2,1,0,0,1,0,1,1,0,0,1,0,0,1,
1995,1996,1997,1998,1999,2000,2001,2002,2003,2004,2005,2006,2007,2008,2009,
1,0,1,0,0,0,0,1,2,2,0,4,2,2,1,
1995,1996,1997,1998,1999,2000,2001,2002,2003,2004,2005,2006,2007,2008,2009,
1,0,0,1,1,0,1,0,2,1,0,1,1,2,1,
1995,1996,1997,1998,1999,2000,2001,2002,2003,2004,2005,2006,2007,2008,2009,
1,1,6,2,1,3,3,3,0,0,1,0,0,0,1,
1995,1996,1997,1998,1999,2000,2001,2002,2003,2004,2005,2006,2007,2008,2009,
2,2,2,1,0,5,2,1,4,2,1,1,0,0,1,
1994,1995,1996,1997,1998,1999,2000,2001,2002,2003,2004,2005,2006,2007,2008,
1,0,3,1,1,0,1,2,3,0,0,0,0,1,1,
1995,1996,1997,1998,1999,2000,2001,2002,2003,2004,2005,2006,2007,2008,2009,
1,2,0,0,2,0,4,17,16,4,4,5,18,36,29,
1995,1996,1997,1998,1999,2000,2001,2002,2003,2004,2005,2006,2007,2008,2009,
1,0,1,2,1,1,1,1,0,0,0,0,0,1,5,
1995,1996,1997,1998,1999,2000,2001,2002,2003,2004,2005,2006,2007,2008,2009,
1,0,6,0,1,0,1,1,0,0,0,2,0,1,2,
1995,1996,1997,1998,1999,2000,2001,2002,2003,2004,2005,2006,2007,2008,2009,
1,0,0,0,0,1,5,0,1,3,4,5,3,3,3,
1995,1996,1997,1998,1999,2000,2001,2002,2003,2004,2005,2006,2007,2008,2009,
1,0,0,0,2,2,5,0,1,4,0,6,3,8,5,
1995,1996,1997,1998,1999,2000,2001,2002,2003,2004,2005,2006,2007,2008,2009,
2,0,6,10,3,4,1,4,0,1,1,0,0,1,3,
1995,1996,1997,1998,1999,2000,2001,2002,2003,2004,2005,2006,2007,2008,2009,
1,2,3,3,3,5,2,7,1,0,2,1,0,1,1,
1995,1996,1997,1998,1999,2000,2001,2002,2003,2004,2005,2006,2007,2008,2009,
1,0,1,1,1,1,5,3,4,3,0,1,4,4,6,
1995,1996,1997,1998,1999,2000,2001,2002,2003,2004,2005,2006,2007,2008,2009,
2,2,2,1,5,7,4,1,0,3,2,2,0,4,2,
1995,1996,1997,1998,1999,2000,2001,2002,2003,2004,2005,2006,2007,2008,2009,
2,3,6,5,3,5,4,9,2,3,1,0,1,0,1,
1995,1996,1997,1998,1999,2000,2001,2002,2003,2004,2005,2006,2007,2008,2009,
1,4,0,0,3,2,1,2,0,3,7,8,2,4,1,
1995,1996,1997,1998,1999,2000,2001,2002,2003,2004,2005,2006,2007,2008,2009,
2,0,2,1,3,1,0,1,0,0,0,0,2,0,1,
1995,1996,1997,1998,1999,2000,2001,2002,2003,2004,2005,2006,2007,2008,2009,
1,0,2,0,0,2,0,3,1,3,1,3,5,5,6,
1995,1996,1997,1998,1999,2000,2001,2002,2003,2004,2005,2006,2007,2008,2009,
1,2,4,5,4,2,4,2,4,0,0,0,0,0,1,
1995,1996,1997,1998,1999,2000,2001,2002,2003,2004,2005,2006,2007,2008,2009,
1,1,2,4,5,2,3,6,2,1,2,0,5,1,2,
1995,1996,1997,1998,1999,2000,2001,2002,2003,2004,2005,2006,2007,2008,2009,
1,2,5,3,1,4,2,0,3,0,0,3,3,4,3,
1995,1996,1997,1998,1999,2000,2001,2002,2003,2004,2005,2006,2007,2008,2009,
1,1,2,0,1,3,1,0,6,0,0,1,1,0,1,
1995,1996,1997,1998,1999,2000,2001,2002,2003,2004,2005,2006,2007,2008,2009,
1,1,1,0,0,0,0,2,1,0,0,1,0,1,2,
1995,1996,1997,1998,1999,2000,2001,2002,2003,2004,2005,2006,2007,2008,2009,
1,1,2,4,1,5,2,1,3,2,0,1,1,1,1,
1995,1996,1997,1998,1999,2000,2001,2002,2003,2004,2005,2006,2007,2008,2009,
1,0,0,1,0,1,1,2,10,4,1,6,10,11,14,
1995,1996,1997,1998,1999,2000,2001,2002,2003,2004,2005,2006,2007,2008,2009,
1,3,5,0,0,6,4,1,2,1,0,0,0,1,1,
1995,1996,1997,1998,1999,2000,2001,2002,2003,2004,2005,2006,2007,2008,2009,
1,0,5,2,9,5,7,5,8,6,4,3,6,4,4,
1995,1996,1997,1998,1999,2000,2001,2002,2003,2004,2005,2006,2007,2008,2009,
2,2,3,4,6,2,6,9,3,3,5,3,1,3,2,
1995,1996,1997,1998,1999,2000,2001,2002,2003,2004,2005,2006,2007,2008,2009,
3,5,13,10,8,13,8,9,4,5,3,6,5,6,2,
1995,1996,1997,1998,1999,2000,2001,2002,2003,2004,2005,2006,2007,2008,2009,
2,1,0,6,0,4,1,1,1,1,2,1,1,0,7,
1994,1995,1996,1997,1998,1999,2000,2001,2002,2003,2004,2005,2006,2007,2008,
2,4,3,2,0,1,2,2,1,1,1,0,0,0,1,
1995,1996,1997,1998,1999,2000,2001,2002,2003,2004,2005,2006,2007,2008,2009,
1,0,3,3,2,9,3,6,3,1,1,4,4,3,2,
1995,1996,1997,1998,1999,2000,2001,2002,2003,2004,2005,2006,2007,2008,2009,
2,3,7,5,3,11,11,13,10,9,6,5,12,11,12,
1994,1995,1996,1997,1998,1999,2000,2001,2002,2003,2004,2005,2006,2007,2008,
1,1,2,1,0,2,1,0,0,1,0,0,0,1,1,
1995,1996,1997,1998,1999,2000,2001,2002,2003,2004,2005,2006,2007,2008,2009,
2,0,2,2,4,3,6,1,2,2,0,0,1,1,1,
1995,1996,1997,1998,1999,2000,2001,2002,2003,2004,2005,2006,2007,2008,2009,
1,0,1,3,0,1,1,2,1,0,1,1,3,1,3,
1995,1996,1997,1998,1999,2000,2001,2002,2003,2004,2005,2006,2007,2008,2009,
1,0,0,1,0,1,2,1,0,1,2,1,1,2,4,
1995,1996,1997,1998,1999,2000,2001,2002,2003,2004,2005,2006,2007,2008,2009,
1,0,3,2,6,1,3,4,2,1,1,2,0,0,1,
1995,1996,1997,1998,1999,2000,2001,2002,2003,2004,2005,2006,2007,2008,2009,
1,2,5,4,4,4,2,5,2,1,3,2,1,1,2,
1995,1996,1997,1998,1999,2000,2001,2002,2003,2004,2005,2006,2007,2008,2009,
1,2,2,4,3,5,7,9,5,0,5,1,2,4,2,
1986,1987,1988,1989,1990,1991,1992,1993,1994,1995,1996,1997,1998,1999,2000,
1,2,6,7,1,2,1,0,2,1,1,0,0,0,1,
1995,1996,1997,1998,1999,2000,2001,2002,2003,2004,2005,2006,2007,2008,2009,
1,2,0,0,0,2,1,2,4,1,0,3,2,4,3,
1995,1996,1997,1998,1999,2000,2001,2002,2003,2004,2005,2006,2007,2008,2009,
1,0,1,1,2,3,3,2,1,0,0,0,0,2,2,
1995,1996,1997,1998,1999,2000,2001,2002,2003,2004,2005,2006,2007,2008,2009,
1,3,9,4,3,5,3,6,2,3,3,2,6,1,1,
1995,1996,1997,1998,1999,2000,2001,2002,2003,2004,2005,2006,2007,2008,2009,
2,0,2,2,2,1,1,0,1,0,1,0,0,1,2,
1995,1996,1997,1998,1999,2000,2001,2002,2003,2004,2005,2006,2007,2008,2009,
4,1,9,12,5,6,0,6,4,2,1,0,1,2,1,
1995,1996,1997,1998,1999,2000,2001,2002,2003,2004,2005,2006,2007,2008,2009,
5,8,9,6,3,11,13,15,8,1,4,3,7,2,5,
1995,1996,1997,1998,1999,2000,2001,2002,2003,2004,2005,2006,2007,2008,2009,
2,0,2,2,1,0,2,2,1,0,0,0,0,0,2,
1995,1996,1997,1998,1999,2000,2001,2002,2003,2004,2005,2006,2007,2008,2009,
3,5,1,2,2,7,2,4,1,0,2,1,4,2,1,
1995,1996,1997,1998,1999,2000,2001,2002,2003,2004,2005,2006,2007,2008,2009,
2,0,2,0,0,0,0,1,1,0,1,1,0,4,3,
1995,1996,1997,1998,1999,2000,2001,2002,2003,2004,2005,2006,2007,2008,2009,
2,0,1,1,0,5,3,4,3,5,4,3,5,0,3,
1995,1996,1997,1998,1999,2000,2001,2002,2003,2004,2005,2006,2007,2008,2009,
1,1,2,1,1,4,0,2,0,0,1,0,0,0,1,
1995,1996,1997,1998,1999,2000,2001,2002,2003,2004,2005,2006,2007,2008,2009,
2,1,2,2,8,15,14,2,10,7,1,3,3,2,8,
1995,1996,1997,1998,1999,2000,2001,2002,2003,2004,2005,2006,2007,2008,2009,
1,1,0,0,2,3,3,2,17,8,4,12,18,17,11,
1995,1996,1997,1998,1999,2000,2001,2002,2003,2004,2005,2006,2007,2008,2009,
1,0,9,0,4,5,6,11,2,0,7,5,2,3,2,
1995,1996,1997,1998,1999,2000,2001,2002,2003,2004,2005,2006,2007,2008,2009,
1,0,4,0,2,3,6,8,7,1,1,0,5,4,3,
1995,1996,1997,1998,1999,2000,2001,2002,2003,2004,2005,2006,2007,2008,2009,
1,6,7,2,8,8,6,11,5,1,6,1,3,2,8,
1995,1996,1997,1998,1999,2000,2001,2002,2003,2004,2005,2006,2007,2008,2009,
2,2,2,1,3,2,0,6,0,1,0,1,0,0,1,
1995,1996,1997,1998,1999,2000,2001,2002,2003,2004,2005,2006,2007,2008,2009,
4,4,8,7,4,2,3,7,4,8,4,4,2,6,5,
1995,1996,1997,1998,1999,2000,2001,2002,2003,2004,2005,2006,2007,2008,2009,
4,8,8,9,10,11,6,7,9,8,3,3,2,6,3,
1995,1996,1997,1998,1999,2000,2001,2002,2003,2004,2005,2006,2007,2008,2009,
1,3,11,1,3,2,1,1,2,0,0,0,0,0,1,
1995,1996,1997,1998,1999,2000,2001,2002,2003,2004,2005,2006,2007,2008,2009,
6,6,13,7,5,9,5,9,5,5,4,4,7,5,4,
1995,1996,1997,1998,1999,2000,2001,2002,2003,2004,2005,2006,2007,2008,2009,
1,3,2,2,2,4,5,5,4,4,4,4,5,6,2,
1995,1996,1997,1998,1999,2000,2001,2002,2003,2004,2005,2006,2007,2008,2009,
1,0,1,0,0,2,1,2,4,2,1,1,1,1,2,
1995,1996,1997,1998,1999,2000,2001,2002,2003,2004,2005,2006,2007,2008,2009,
1,7,6,4,3,8,3,3,4,3,1,2,1,0,2,
1995,1996,1997,1998,1999,2000,2001,2002,2003,2004,2005,2006,2007,2008,2009,
1,0,0,0,0,1,0,0,1,2,2,0,1,3,1,
1995,1996,1997,1998,1999,2000,2001,2002,2003,2004,2005,2006,2007,2008,2009,
1,1,4,4,6,5,6,7,0,2,4,1,1,2,1,
1994,1995,1996,1997,1998,1999,2000,2001,2002,2003,2004,2005,2006,2007,2008,
1,0,0,0,0,1,3,0,1,2,0,1,1,0,1,
1995,1996,1997,1998,1999,2000,2001,2002,2003,2004,2005,2006,2007,2008,2009,
1,1,2,0,0,3,5,7,2,0,0,1,6,7,7,
1995,1996,1997,1998,1999,2000,2001,2002,2003,2004,2005,2006,2007,2008,2009,
1,2,4,1,8,10,11,22,16,5,6,2,1,4,5,
1995,1996,1997,1998,1999,2000,2001,2002,2003,2004,2005,2006,2007,2008,2009,
1,0,3,1,2,0,0,1,1,0,0,0,1,2,1,
1995,1996,1997,1998,1999,2000,2001,2002,2003,2004,2005,2006,2007,2008,2009,
1,0,1,2,2,3,2,0,1,0,0,0,0,1,1,
1995,1996,1997,1998,1999,2000,2001,2002,2003,2004,2005,2006,2007,2008,2009,
1,0,1,1,1,1,4,1,1,0,3,0,2,3,1,
1995,1996,1997,1998,1999,2000,2001,2002,2003,2004,2005,2006,2007,2008,2009,
1,1,3,0,5,4,7,3,1,1,0,0,0,0,2,
1995,1996,1997,1998,1999,2000,2001,2002,2003,2004,2005,2006,2007,2008,2009,
2,0,0,6,0,3,1,6,3,1,0,4,1,2,1,
1995,1996,1997,1998,1999,2000,2001,2002,2003,2004,2005,2006,2007,2008,2009,
5,13,3,4,4,2,6,2,0,1,0,2,0,1,2,
1995,1996,1997,1998,1999,2000,2001,2002,2003,2004,2005,2006,2007,2008,2009,
2,2,1,1,1,0,1,2,2,0,1,1,1,5,2,
1995,1996,1997,1998,1999,2000,2001,2002,2003,2004,2005,2006,2007,2008,2009,
3,0,3,1,1,1,2,1,1,1,0,1,0,1,1,
1995,1996,1997,1998,1999,2000,2001,2002,2003,2004,2005,2006,2007,2008,2009,
1,2,1,2,1,9,0,2,2,0,1,1,1,1,1,
1995,1996,1997,1998,1999,2000,2001,2002,2003,2004,2005,2006,2007,2008,2009,
1,1,4,1,2,2,0,1,1,1,0,0,1,0,2,
1995,1996,1997,1998,1999,2000,2001,2002,2003,2004,2005,2006,2007,2008,2009,
1,1,1,2,1,3,0,0,1,0,0,1,3,0,2,
1995,1996,1997,1998,1999,2000,2001,2002,2003,2004,2005,2006,2007,2008,2009,
1,0,3,1,4,0,3,2,4,2,0,1,3,1,2,
1994,1995,1996,1997,1998,1999,2000,2001,2002,2003,2004,2005,2006,2007,2008,
2,2,1,7,5,2,3,1,2,5,1,2,0,2,2,
1995,1996,1997,1998,1999,2000,2001,2002,2003,2004,2005,2006,2007,2008,2009,
4,11,12,13,24,20,17,10,9,15,5,13,13,18,20,
1995,1996,1997,1998,1999,2000,2001,2002,2003,2004,2005,2006,2007,2008,2009,
4,2,3,2,8,4,4,2,1,3,0,1,6,5,8,
1995,1996,1997,1998,1999,2000,2001,2002,2003,2004,2005,2006,2007,2008,2009,
1,3,7,6,6,4,0,7,4,2,4,1,1,0,3,
1995,1996,1997,1998,1999,2000,2001,2002,2003,2004,2005,2006,2007,2008,2009,
1,1,2,0,1,1,0,2,0,4,1,0,1,1,7,
1995,1996,1997,1998,1999,2000,2001,2002,2003,2004,2005,2006,2007,2008,2009,
2,0,2,1,1,1,2,2,3,1,2,1,1,1,2,
1995,1996,1997,1998,1999,2000,2001,2002,2003,2004,2005,2006,2007,2008,2009,
1,3,3,2,0,0,4,8,2,0,3,0,5,3,1,
1995,1996,1997,1998,1999,2000,2001,2002,2003,2004,2005,2006,2007,2008,2009,
3,0,0,1,0,2,2,1,6,1,1,2,3,4,2,
1995,1996,1997,1998,1999,2000,2001,2002,2003,2004,2005,2006,2007,2008,2009,
1,0,1,0,4,0,3,1,2,1,0,3,4,4,2,
1995,1996,1997,1998,1999,2000,2001,2002,2003,2004,2005,2006,2007,2008,2009,
3,1,11,12,14,23,21,22,8,6,6,9,12,13,8,
1995,1996,1997,1998,1999,2000,2001,2002,2003,2004,2005,2006,2007,2008,2009,
2,1,4,1,0,2,2,6,2,1,2,2,5,6,4,
1995,1996,1997,1998,1999,2000,2001,2002,2003,2004,2005,2006,2007,2008,2009,
2,1,3,1,3,3,0,1,2,1,0,0,1,1,1,
1995,1996,1997,1998,1999,2000,2001,2002,2003,2004,2005,2006,2007,2008,2009,
1,2,0,1,0,3,2,1,1,4,4,2,3,6,5,
1995,1996,1997,1998,1999,2000,2001,2002,2003,2004,2005,2006,2007,2008,2009,
2,3,6,9,9,15,5,6,3,3,4,3,2,5,2,
1993,1994,1995,1996,1997,1998,1999,2000,2001,2002,2003,2004,2005,2006,2007,
2,2,1,1,3,0,0,2,0,1,2,1,1,0,1,
1995,1996,1997,1998,1999,2000,2001,2002,2003,2004,2005,2006,2007,2008,2009,
1,0,3,4,1,4,1,3,3,2,5,2,5,5,4,
