1987,1988,1989,1990,1991,1992,1993,1994,1995,1996,1997,1998,1999,2000,2001,2002,2003,2004,2005,2006,2007,2008,2009,
1,1,3,2,10,1,2,0,3,0,6,0,6,6,5,4,4,1,0,2,9,10,5,
1987,1988,1989,1990,1991,1992,1993,1994,1995,1996,1997,1998,1999,2000,2001,2002,2003,2004,2005,2006,2007,2008,2009,
2,11,20,4,4,11,11,2,3,0,4,5,1,2,1,1,1,0,3,0,1,3,1,
1986,1987,1988,1989,1990,1991,1992,1993,1994,1995,1996,1997,1998,1999,2000,2001,2002,2003,2004,2005,2006,2007,2008,
1,3,6,7,2,4,3,3,1,0,0,0,1,0,0,0,0,0,0,0,0,1,2,
1987,1988,1989,1990,1991,1992,1993,1994,1995,1996,1997,1998,1999,2000,2001,2002,2003,2004,2005,2006,2007,2008,2009,
3,1,5,6,7,6,7,5,8,5,6,7,9,14,10,15,4,4,7,7,6,8,11,
1987,1988,1989,1990,1991,1992,1993,1994,1995,1996,1997,1998,1999,2000,2001,2002,2003,2004,2005,2006,2007,2008,2009,
3,3,1,4,6,3,1,0,3,0,6,0,6,3,2,6,2,5,6,6,8,3,7,
1987,1988,1989,1990,1991,1992,1993,1994,1995,1996,1997,1998,1999,2000,2001,2002,2003,2004,2005,2006,2007,2008,2009,
1,0,0,0,2,2,2,0,2,0,0,1,0,1,0,0,0,1,0,2,3,1,3,
1986,1987,1988,1989,1990,1991,1992,1993,1994,1995,1996,1997,1998,1999,2000,2001,2002,2003,2004,2005,2006,2007,2008,
1,0,0,1,3,4,1,2,3,3,1,2,2,2,4,3,5,0,2,5,2,2,2,
1987,1988,1989,1990,1991,1992,1993,1994,1995,1996,1997,1998,1999,2000,2001,2002,2003,2004,2005,2006,2007,2008,2009,
1,7,6,3,1,1,1,2,0,0,2,0,1,2,3,1,0,0,0,0,1,0,1,
1986,1987,1988,1989,1990,1991,1992,1993,1994,1995,1996,1997,1998,1999,2000,2001,2002,2003,2004,2005,2006,2007,2008,
1,0,3,3,1,4,2,0,1,3,0,1,1,1,2,0,2,1,1,1,1,0,1,
1987,1988,1989,1990,1991,1992,1993,1994,1995,1996,1997,1998,1999,2000,2001,2002,2003,2004,2005,2006,2007,2008,2009,
1,2,1,2,5,2,5,1,3,1,0,4,4,2,1,2,2,1,1,2,1,1,3,
1987,1988,1989,1990,1991,1992,1993,1994,1995,1996,1997,1998,1999,2000,2001,2002,2003,2004,2005,2006,2007,2008,2009,
1,1,4,2,2,1,2,2,0,0,0,1,0,0,0,0,0,1,1,0,2,1,1,
1986,1987,1988,1989,1990,1991,1992,1993,1994,1995,1996,1997,1998,1999,2000,2001,2002,2003,2004,2005,2006,2007,2008,
2,3,3,3,3,1,1,1,1,0,1,1,0,0,2,1,2,0,0,0,0,0,1,
1987,1988,1989,1990,1991,1992,1993,1994,1995,1996,1997,1998,1999,2000,2001,2002,2003,2004,2005,2006,2007,2008,2009,
1,10,9,5,1,1,1,0,2,0,0,0,2,1,2,2,2,2,3,0,0,4,1,
1987,1988,1989,1990,1991,1992,1993,1994,1995,1996,1997,1998,1999,2000,2001,2002,2003,2004,2005,2006,2007,2008,2009,
2,6,7,1,3,6,2,3,0,1,1,1,2,3,0,1,0,0,2,0,0,1,1,
1986,1987,1988,1989,1990,1991,1992,1993,1994,1995,1996,1997,1998,1999,2000,2001,2002,2003,2004,2005,2006,2007,2008,
1,5,8,8,2,2,0,2,0,1,2,2,0,0,2,1,0,3,0,0,0,0,1,
1986,1987,1988,1989,1990,1991,1992,1993,1994,1995,1996,1997,1998,1999,2000,2001,2002,2003,2004,2005,2006,2007,2008,
1,2,3,7,6,6,7,5,3,3,0,8,1,0,2,0,2,1,1,0,0,0,4,
1987,1988,1989,1990,1991,1992,1993,1994,1995,1996,1997,1998,1999,2000,2001,2002,2003,2004,2005,2006,2007,2008,2009,
2,1,0,3,2,6,2,2,0,1,2,2,0,1,0,0,1,0,0,1,0,0,1,
1987,1988,1989,1990,1991,1992,1993,1994,1995,1996,1997,1998,1999,2000,2001,2002,2003,2004,2005,2006,2007,2008,2009,
2,3,3,0,1,2,3,1,2,0,2,2,1,8,1,1,0,0,1,1,2,2,4,
1987,1988,1989,1990,1991,1992,1993,1994,1995,1996,1997,1998,1999,2000,2001,2002,2003,2004,2005,2006,2007,2008,2009,
1,0,1,0,1,0,2,1,0,1,2,5,0,7,6,1,3,1,4,2,4,7,3,
1987,1988,1989,1990,1991,1992,1993,1994,1995,1996,1997,1998,1999,2000,2001,2002,2003,2004,2005,2006,2007,2008,2009,
1,10,14,10,20,13,12,7,14,3,12,2,6,6,11,4,4,6,2,0,5,7,5,
1987,1988,1989,1990,1991,1992,1993,1994,1995,1996,1997,1998,1999,2000,2001,2002,2003,2004,2005,2006,2007,2008,2009,
1,4,1,0,3,2,1,0,2,1,5,1,0,0,3,2,3,1,0,1,1,1,2,
1987,1988,1989,1990,1991,1992,1993,1994,1995,1996,1997,1998,1999,2000,2001,2002,2003,2004,2005,2006,2007,2008,2009,
1,3,0,3,7,4,6,3,2,4,3,0,4,6,2,5,2,1,3,0,4,5,5,
1987,1988,1989,1990,1991,1992,1993,1994,1995,1996,1997,1998,1999,2000,2001,2002,2003,2004,2005,2006,2007,2008,2009,
1,0,2,0,1,4,5,2,4,2,2,1,1,0,0,3,1,0,1,0,1,0,1,
1986,1987,1988,1989,1990,1991,1992,1993,1994,1995,1996,1997,1998,1999,2000,2001,2002,2003,2004,2005,2006,2007,2008,
4,6,8,11,7,6,9,7,4,4,3,3,1,1,1,2,2,0,1,2,2,0,1,
1986,1987,1988,1989,1990,1991,1992,1993,1994,1995,1996,1997,1998,1999,2000,2001,2002,2003,2004,2005,2006,2007,2008,
1,3,5,13,6,4,5,6,3,1,0,0,0,1,0,0,3,0,0,0,0,0,1,
1987,1988,1989,1990,1991,1992,1993,1994,1995,1996,1997,1998,1999,2000,2001,2002,2003,2004,2005,2006,2007,2008,2009,
1,9,9,3,5,3,2,4,4,3,1,0,0,1,4,0,2,0,0,0,0,1,2,
1987,1988,1989,1990,1991,1992,1993,1994,1995,1996,1997,1998,1999,2000,2001,2002,2003,2004,2005,2006,2007,2008,2009,
3,9,1,3,6,4,7,1,2,1,2,0,1,1,0,2,1,0,0,0,0,0,1,
1987,1988,1989,1990,1991,1992,1993,1994,1995,1996,1997,1998,1999,2000,2001,2002,2003,2004,2005,2006,2007,2008,2009,
1,3,1,1,1,1,2,0,0,0,0,0,0,1,0,0,2,2,2,0,0,2,2,
1987,1988,1989,1990,1991,1992,1993,1994,1995,1996,1997,1998,1999,2000,2001,2002,2003,2004,2005,2006,2007,2008,2009,
1,1,7,6,7,5,7,2,3,4,3,0,1,2,1,2,0,1,0,0,0,1,2,
1986,1987,1988,1989,1990,1991,1992,1993,1994,1995,1996,1997,1998,1999,2000,2001,2002,2003,2004,2005,2006,2007,2008,
5,4,7,4,3,7,1,2,0,3,1,3,0,2,2,0,3,2,0,0,1,0,3,
1987,1988,1989,1990,1991,1992,1993,1994,1995,1996,1997,1998,1999,2000,2001,2002,2003,2004,2005,2006,2007,2008,2009,
1,1,2,2,1,2,0,0,0,0,2,0,1,0,1,1,1,0,0,0,3,5,1,
1987,1988,1989,1990,1991,1992,1993,1994,1995,1996,1997,1998,1999,2000,2001,2002,2003,2004,2005,2006,2007,2008,2009,
1,2,5,5,5,5,4,1,2,1,2,0,2,0,3,3,0,0,0,1,1,0,2,
1987,1988,1989,1990,1991,1992,1993,1994,1995,1996,1997,1998,1999,2000,2001,2002,2003,2004,2005,2006,2007,2008,2009,
1,0,8,1,2,1,0,1,0,0,0,2,0,1,1,3,2,0,3,2,1,1,1,
1986,1987,1988,1989,1990,1991,1992,1993,1994,1995,1996,1997,1998,1999,2000,2001,2002,2003,2004,2005,2006,2007,2008,
8,5,4,3,2,4,1,0,1,1,0,3,0,0,1,0,1,3,0,1,0,0,1,
1986,1987,1988,1989,1990,1991,1992,1993,1994,1995,1996,1997,1998,1999,2000,2001,2002,2003,2004,2005,2006,2007,2008,
1,9,7,8,4,3,6,1,2,2,1,0,1,0,0,1,1,0,0,1,0,1,1,
1987,1988,1989,1990,1991,1992,1993,1994,1995,1996,1997,1998,1999,2000,2001,2002,2003,2004,2005,2006,2007,2008,2009,
1,0,4,1,5,1,1,0,2,1,1,1,4,0,3,1,1,3,1,5,9,4,7,
1987,1988,1989,1990,1991,1992,1993,1994,1995,1996,1997,1998,1999,2000,2001,2002,2003,2004,2005,2006,2007,2008,2009,
1,6,16,6,16,15,9,3,8,4,7,6,2,7,3,5,9,3,5,2,3,6,11,
1987,1988,1989,1990,1991,1992,1993,1994,1995,1996,1997,1998,1999,2000,2001,2002,2003,2004,2005,2006,2007,2008,2009,
3,1,1,2,2,2,0,4,1,1,1,0,1,0,0,0,0,0,0,0,1,0,1,
1987,1988,1989,1990,1991,1992,1993,1994,1995,1996,1997,1998,1999,2000,2001,2002,2003,2004,2005,2006,2007,2008,2009,
1,6,4,1,3,0,2,0,0,1,8,1,3,3,4,7,5,7,7,6,9,6,7,
1987,1988,1989,1990,1991,1992,1993,1994,1995,1996,1997,1998,1999,2000,2001,2002,2003,2004,2005,2006,2007,2008,2009,
1,3,3,3,5,3,3,0,2,0,1,1,0,2,1,1,2,1,0,0,4,2,1,
1986,1987,1988,1989,1990,1991,1992,1993,1994,1995,1996,1997,1998,1999,2000,2001,2002,2003,2004,2005,2006,2007,2008,
1,3,5,2,1,0,1,2,0,1,2,1,0,1,1,0,0,0,0,1,0,0,1,
1987,1988,1989,1990,1991,1992,1993,1994,1995,1996,1997,1998,1999,2000,2001,2002,2003,2004,2005,2006,2007,2008,2009,
6,6,9,4,2,11,7,2,4,3,2,2,0,4,0,1,0,0,1,0,0,0,1,
1987,1988,1989,1990,1991,1992,1993,1994,1995,1996,1997,1998,1999,2000,2001,2002,2003,2004,2005,2006,2007,2008,2009,
4,13,12,8,34,33,36,18,25,18,23,9,20,26,17,23,12,6,8,5,10,12,8,
1987,1988,1989,1990,1991,1992,1993,1994,1995,1996,1997,1998,1999,2000,2001,2002,2003,2004,2005,2006,2007,2008,2009,
1,2,4,6,1,1,2,0,2,1,3,3,3,6,4,3,3,2,10,1,5,3,3,
1987,1988,1989,1990,1991,1992,1993,1994,1995,1996,1997,1998,1999,2000,2001,2002,2003,2004,2005,2006,2007,2008,2009,
2,2,2,2,2,0,1,0,2,0,0,2,1,2,2,0,0,0,0,0,0,0,1,
1983,1984,1985,1986,1987,1988,1989,1990,1991,1992,1993,1994,1995,1996,1997,1998,1999,2000,2001,2002,2003,2004,2005,
1,0,0,1,2,2,1,3,1,1,2,1,0,0,0,1,0,2,0,0,0,0,1,
1986,1987,1988,1989,1990,1991,1992,1993,1994,1995,1996,1997,1998,1999,2000,2001,2002,2003,2004,2005,2006,2007,2008,
3,1,4,2,3,4,1,4,0,2,0,0,1,0,1,0,0,0,0,0,0,0,1,
1987,1988,1989,1990,1991,1992,1993,1994,1995,1996,1997,1998,1999,2000,2001,2002,2003,2004,2005,2006,2007,2008,2009,
1,0,1,1,2,1,0,1,2,0,2,0,1,2,0,4,0,0,2,0,0,1,7,
1986,1987,1988,1989,1990,1991,1992,1993,1994,1995,1996,1997,1998,1999,2000,2001,2002,2003,2004,2005,2006,2007,2008,
1,1,4,3,3,7,10,6,2,6,4,6,4,2,2,3,1,1,0,0,0,0,1,
1987,1988,1989,1990,1991,1992,1993,1994,1995,1996,1997,1998,1999,2000,2001,2002,2003,2004,2005,2006,2007,2008,2009,
1,0,0,1,2,1,0,0,0,1,2,0,0,2,2,5,2,0,2,3,10,19,24,
1987,1988,1989,1990,1991,1992,1993,1994,1995,1996,1997,1998,1999,2000,2001,2002,2003,2004,2005,2006,2007,2008,2009,
5,6,2,0,2,3,1,3,1,1,3,0,1,3,1,0,0,0,0,0,0,2,3,
1987,1988,1989,1990,1991,1992,1993,1994,1995,1996,1997,1998,1999,2000,2001,2002,2003,2004,2005,2006,2007,2008,2009,
4,15,5,8,9,8,11,3,13,1,3,2,1,2,4,2,7,0,1,1,3,2,5,
1987,1988,1989,1990,1991,1992,1993,1994,1995,1996,1997,1998,1999,2000,2001,2002,2003,2004,2005,2006,2007,2008,2009,
1,2,0,0,0,1,1,1,1,0,1,1,0,1,0,0,2,0,0,0,0,2,2,
1986,1987,1988,1989,1990,1991,1992,1993,1994,1995,1996,1997,1998,1999,2000,2001,2002,2003,2004,2005,2006,2007,2008,
2,8,6,14,11,13,6,4,1,5,1,2,1,2,2,0,1,0,1,0,0,1,1,
1987,1988,1989,1990,1991,1992,1993,1994,1995,1996,1997,1998,1999,2000,2001,2002,2003,2004,2005,2006,2007,2008,2009,
1,1,3,0,1,1,0,1,0,1,2,0,0,1,0,3,0,2,0,0,0,7,1,
1987,1988,1989,1990,1991,1992,1993,1994,1995,1996,1997,1998,1999,2000,2001,2002,2003,2004,2005,2006,2007,2008,2009,
1,1,4,1,2,0,0,0,0,3,1,0,1,0,2,1,0,0,0,0,1,2,1,
1987,1988,1989,1990,1991,1992,1993,1994,1995,1996,1997,1998,1999,2000,2001,2002,2003,2004,2005,2006,2007,2008,2009,
1,2,3,2,3,1,1,0,2,0,1,0,1,1,0,1,0,1,0,0,1,1,2,
1987,1988,1989,1990,1991,1992,1993,1994,1995,1996,1997,1998,1999,2000,2001,2002,2003,2004,2005,2006,2007,2008,2009,
6,20,18,9,12,6,9,2,3,2,6,0,2,5,2,1,1,0,1,1,1,2,1,
1987,1988,1989,1990,1991,1992,1993,1994,1995,1996,1997,1998,1999,2000,2001,2002,2003,2004,2005,2006,2007,2008,2009,
6,10,3,6,12,11,10,1,8,1,4,8,3,4,5,4,3,1,3,1,0,1,3,
1986,1987,1988,1989,1990,1991,1992,1993,1994,1995,1996,1997,1998,1999,2000,2001,2002,2003,2004,2005,2006,2007,2008,
1,2,1,3,1,1,0,1,0,1,0,2,1,1,1,0,0,0,1,0,0,0,1,
1986,1987,1988,1989,1990,1991,1992,1993,1994,1995,1996,1997,1998,1999,2000,2001,2002,2003,2004,2005,2006,2007,2008,
1,2,3,3,4,1,0,2,2,3,1,0,2,0,4,0,1,0,0,0,0,0,1,
1987,1988,1989,1990,1991,1992,1993,1994,1995,1996,1997,1998,1999,2000,2001,2002,2003,2004,2005,2006,2007,2008,2009,
2,5,5,5,5,2,5,3,5,5,6,3,2,4,2,1,2,2,0,1,0,0,1,
1988,1989,1990,1991,1992,1993,1994,1995,1996,1997,1998,1999,2000,2001,2002,2003,2004,2005,2006,2007,2008,2009,2010,
1,1,0,0,0,0,1,1,0,0,0,0,1,1,0,2,2,1,1,2,0,0,1,
1987,1988,1989,1990,1991,1992,1993,1994,1995,1996,1997,1998,1999,2000,2001,2002,2003,2004,2005,2006,2007,2008,2009,
1,0,1,2,1,1,1,0,1,1,0,0,1,0,1,0,0,0,0,0,1,2,1,
1987,1988,1989,1990,1991,1992,1993,1994,1995,1996,1997,1998,1999,2000,2001,2002,2003,2004,2005,2006,2007,2008,2009,
2,5,8,3,5,7,15,2,8,6,17,4,6,15,14,19,15,8,15,16,21,25,28,
1987,1988,1989,1990,1991,1992,1993,1994,1995,1996,1997,1998,1999,2000,2001,2002,2003,2004,2005,2006,2007,2008,2009,
1,0,11,4,4,5,2,4,6,6,0,1,2,5,5,6,2,1,2,2,5,3,6,
1987,1988,1989,1990,1991,1992,1993,1994,1995,1996,1997,1998,1999,2000,2001,2002,2003,2004,2005,2006,2007,2008,2009,
1,0,2,4,10,8,12,1,4,2,8,5,4,11,10,4,4,2,4,1,4,3,2,
1987,1988,1989,1990,1991,1992,1993,1994,1995,1996,1997,1998,1999,2000,2001,2002,2003,2004,2005,2006,2007,2008,2009,
1,2,0,0,2,0,0,0,0,0,2,1,2,2,3,2,1,5,2,3,4,5,2,
1987,1988,1989,1990,1991,1992,1993,1994,1995,1996,1997,1998,1999,2000,2001,2002,2003,2004,2005,2006,2007,2008,2009,
3,4,4,0,5,4,5,0,3,1,3,2,3,4,4,2,0,2,0,0,2,0,2,
1987,1988,1989,1990,1991,1992,1993,1994,1995,1996,1997,1998,1999,2000,2001,2002,2003,2004,2005,2006,2007,2008,2009,
1,3,4,6,6,1,2,0,3,0,0,0,0,0,1,1,0,0,0,0,2,0,2,
1987,1988,1989,1990,1991,1992,1993,1994,1995,1996,1997,1998,1999,2000,2001,2002,2003,2004,2005,2006,2007,2008,2009,
2,3,5,4,4,0,5,3,4,0,0,1,2,2,6,8,3,1,0,3,3,4,3,
1987,1988,1989,1990,1991,1992,1993,1994,1995,1996,1997,1998,1999,2000,2001,2002,2003,2004,2005,2006,2007,2008,2009,
5,5,6,4,5,2,4,3,2,0,3,1,2,2,2,5,4,1,4,5,4,5,2,
1986,1987,1988,1989,1990,1991,1992,1993,1994,1995,1996,1997,1998,1999,2000,2001,2002,2003,2004,2005,2006,2007,2008,
1,8,10,9,8,2,4,2,0,2,2,2,0,0,0,1,0,0,0,0,0,0,1,
1987,1988,1989,1990,1991,1992,1993,1994,1995,1996,1997,1998,1999,2000,2001,2002,2003,2004,2005,2006,2007,2008,2009,
1,6,3,4,7,4,5,4,3,1,2,1,3,1,1,1,0,1,1,0,2,0,1,
1987,1988,1989,1990,1991,1992,1993,1994,1995,1996,1997,1998,1999,2000,2001,2002,2003,2004,2005,2006,2007,2008,2009,
3,3,2,2,2,2,2,1,1,0,0,1,1,0,0,0,0,0,0,0,1,1,1,
1987,1988,1989,1990,1991,1992,1993,1994,1995,1996,1997,1998,1999,2000,2001,2002,2003,2004,2005,2006,2007,2008,2009,
1,3,1,1,3,0,0,0,2,1,2,1,0,0,0,2,0,0,0,0,1,0,1,
1988,1989,1990,1991,1992,1993,1994,1995,1996,1997,1998,1999,2000,2001,2002,2003,2004,2005,2006,2007,2008,2009,2010,
10,14,17,22,8,18,8,21,3,8,4,5,4,5,11,9,0,5,2,8,4,5,1,
1987,1988,1989,1990,1991,1992,1993,1994,1995,1996,1997,1998,1999,2000,2001,2002,2003,2004,2005,2006,2007,2008,2009,
1,0,11,4,10,9,12,7,13,10,11,5,8,11,20,11,9,4,10,4,7,4,7,
1987,1988,1989,1990,1991,1992,1993,1994,1995,1996,1997,1998,1999,2000,2001,2002,2003,2004,2005,2006,2007,2008,2009,
1,1,1,2,1,4,2,2,1,0,2,1,1,0,0,1,2,0,0,1,0,4,1,
1987,1988,1989,1990,1991,1992,1993,1994,1995,1996,1997,1998,1999,2000,2001,2002,2003,2004,2005,2006,2007,2008,2009,
1,3,6,4,9,5,7,12,10,13,15,7,3,18,10,16,5,2,15,5,3,4,2,
1987,1988,1989,1990,1991,1992,1993,1994,1995,1996,1997,1998,1999,2000,2001,2002,2003,2004,2005,2006,2007,2008,2009,
3,6,5,7,18,12,11,6,13,4,4,3,2,4,1,2,1,3,3,3,0,0,2,
1987,1988,1989,1990,1991,1992,1993,1994,1995,1996,1997,1998,1999,2000,2001,2002,2003,2004,2005,2006,2007,2008,2009,
2,14,12,16,13,9,7,4,7,3,3,3,2,2,2,1,0,0,0,0,1,1,3,
1986,1987,1988,1989,1990,1991,1992,1993,1994,1995,1996,1997,1998,1999,2000,2001,2002,2003,2004,2005,2006,2007,2008,
1,3,2,0,3,2,2,4,3,7,0,1,1,1,0,0,2,1,0,1,0,0,1,
1987,1988,1989,1990,1991,1992,1993,1994,1995,1996,1997,1998,1999,2000,2001,2002,2003,2004,2005,2006,2007,2008,2009,
1,2,1,2,0,0,0,0,1,0,0,1,0,1,2,2,3,1,1,1,1,1,2,
1986,1987,1988,1989,1990,1991,1992,1993,1994,1995,1996,1997,1998,1999,2000,2001,2002,2003,2004,2005,2006,2007,2008,
2,1,0,8,4,1,1,2,1,3,1,4,0,2,0,0,0,1,1,0,0,0,1,
1987,1988,1989,1990,1991,1992,1993,1994,1995,1996,1997,1998,1999,2000,2001,2002,2003,2004,2005,2006,2007,2008,2009,
5,1,4,1,1,4,2,0,2,0,1,0,0,1,2,1,0,0,2,0,1,1,2,
1986,1987,1988,1989,1990,1991,1992,1993,1994,1995,1996,1997,1998,1999,2000,2001,2002,2003,2004,2005,2006,2007,2008,
2,1,9,8,2,9,2,3,3,2,0,2,1,0,2,3,0,1,1,0,0,0,1,
1987,1988,1989,1990,1991,1992,1993,1994,1995,1996,1997,1998,1999,2000,2001,2002,2003,2004,2005,2006,2007,2008,2009,
1,2,2,1,2,0,1,1,1,1,0,0,1,0,0,0,0,0,0,1,0,1,1,
1987,1988,1989,1990,1991,1992,1993,1994,1995,1996,1997,1998,1999,2000,2001,2002,2003,2004,2005,2006,2007,2008,2009,
6,0,1,3,7,7,10,1,2,2,8,3,5,4,1,0,2,0,3,1,5,4,7,
1987,1988,1989,1990,1991,1992,1993,1994,1995,1996,1997,1998,1999,2000,2001,2002,2003,2004,2005,2006,2007,2008,2009,
4,4,1,0,2,3,1,0,2,0,1,0,0,1,1,1,0,1,0,0,0,0,1,
1987,1988,1989,1990,1991,1992,1993,1994,1995,1996,1997,1998,1999,2000,2001,2002,2003,2004,2005,2006,2007,2008,2009,
1,8,4,7,5,4,3,1,2,2,5,1,1,1,2,2,4,0,2,1,1,1,1,
1986,1987,1988,1989,1990,1991,1992,1993,1994,1995,1996,1997,1998,1999,2000,2001,2002,2003,2004,2005,2006,2007,2008,
3,3,0,4,5,0,1,6,3,4,1,5,2,1,0,2,2,2,1,1,1,0,2,
1987,1988,1989,1990,1991,1992,1993,1994,1995,1996,1997,1998,1999,2000,2001,2002,2003,2004,2005,2006,2007,2008,2009,
1,0,1,1,6,6,2,0,2,3,3,0,1,2,1,0,1,0,1,0,3,3,1,
1987,1988,1989,1990,1991,1992,1993,1994,1995,1996,1997,1998,1999,2000,2001,2002,2003,2004,2005,2006,2007,2008,2009,
1,0,4,2,4,1,1,2,0,0,1,2,2,1,2,1,1,0,3,5,1,0,1,
1987,1988,1989,1990,1991,1992,1993,1994,1995,1996,1997,1998,1999,2000,2001,2002,2003,2004,2005,2006,2007,2008,2009,
1,2,2,1,1,3,1,0,3,0,0,0,0,0,1,0,1,0,0,0,0,1,1,
1987,1988,1989,1990,1991,1992,1993,1994,1995,1996,1997,1998,1999,2000,2001,2002,2003,2004,2005,2006,2007,2008,2009,
1,3,7,4,5,7,8,2,1,2,1,2,4,1,2,3,3,4,0,0,0,1,2,
1987,1988,1989,1990,1991,1992,1993,1994,1995,1996,1997,1998,1999,2000,2001,2002,2003,2004,2005,2006,2007,2008,2009,
4,4,5,3,5,1,4,3,3,1,2,0,0,0,0,0,1,1,0,0,0,0,1,
1987,1988,1989,1990,1991,1992,1993,1994,1995,1996,1997,1998,1999,2000,2001,2002,2003,2004,2005,2006,2007,2008,2009,
1,4,2,0,1,0,0,0,2,1,2,2,1,2,0,3,2,2,0,0,0,0,1,
1987,1988,1989,1990,1991,1992,1993,1994,1995,1996,1997,1998,1999,2000,2001,2002,2003,2004,2005,2006,2007,2008,2009,
1,5,2,6,3,0,3,1,0,0,3,0,0,3,0,1,0,0,0,0,2,0,1,
1987,1988,1989,1990,1991,1992,1993,1994,1995,1996,1997,1998,1999,2000,2001,2002,2003,2004,2005,2006,2007,2008,2009,
7,2,10,0,7,1,1,0,1,0,1,0,0,1,0,1,1,0,3,0,0,0,2,
1987,1988,1989,1990,1991,1992,1993,1994,1995,1996,1997,1998,1999,2000,2001,2002,2003,2004,2005,2006,2007,2008,2009,
1,2,5,1,4,1,0,0,2,1,1,0,2,1,4,7,2,1,0,0,2,0,1,
1987,1988,1989,1990,1991,1992,1993,1994,1995,1996,1997,1998,1999,2000,2001,2002,2003,2004,2005,2006,2007,2008,2009,
2,7,2,3,6,1,2,5,3,1,1,1,0,0,3,0,2,0,1,0,0,0,1,
1987,1988,1989,1990,1991,1992,1993,1994,1995,1996,1997,1998,1999,2000,2001,2002,2003,2004,2005,2006,2007,2008,2009,
2,0,3,2,6,5,4,0,1,0,3,3,2,4,2,3,2,1,0,3,1,5,1,
1987,1988,1989,1990,1991,1992,1993,1994,1995,1996,1997,1998,1999,2000,2001,2002,2003,2004,2005,2006,2007,2008,2009,
2,2,5,2,1,0,2,1,1,1,0,0,2,2,1,1,1,3,1,3,1,4,1,
1987,1988,1989,1990,1991,1992,1993,1994,1995,1996,1997,1998,1999,2000,2001,2002,2003,2004,2005,2006,2007,2008,2009,
4,3,2,3,2,2,2,2,1,1,2,1,1,1,6,1,0,0,0,1,0,1,1,
1987,1988,1989,1990,1991,1992,1993,1994,1995,1996,1997,1998,1999,2000,2001,2002,2003,2004,2005,2006,2007,2008,2009,
1,4,2,2,5,1,3,0,1,0,1,0,0,0,2,1,0,0,0,1,0,3,1,
1987,1988,1989,1990,1991,1992,1993,1994,1995,1996,1997,1998,1999,2000,2001,2002,2003,2004,2005,2006,2007,2008,2009,
1,2,4,1,9,0,0,0,2,0,1,1,1,3,2,1,2,1,1,2,4,1,4,
1988,1989,1990,1991,1992,1993,1994,1995,1996,1997,1998,1999,2000,2001,2002,2003,2004,2005,2006,2007,2008,2009,2010,
3,4,2,3,2,4,4,1,1,2,1,1,11,4,6,4,2,3,4,5,4,7,1,
1987,1988,1989,1990,1991,1992,1993,1994,1995,1996,1997,1998,1999,2000,2001,2002,2003,2004,2005,2006,2007,2008,2009,
1,6,8,0,3,1,1,1,0,1,0,1,2,2,1,0,0,1,1,0,2,1,1,
1986,1987,1988,1989,1990,1991,1992,1993,1994,1995,1996,1997,1998,1999,2000,2001,2002,2003,2004,2005,2006,2007,2008,
1,0,0,0,1,3,1,1,1,4,0,2,0,1,1,0,0,0,0,1,0,0,1,
1987,1988,1989,1990,1991,1992,1993,1994,1995,1996,1997,1998,1999,2000,2001,2002,2003,2004,2005,2006,2007,2008,2009,
2,3,4,4,17,21,24,8,22,13,28,25,40,37,51,28,19,9,17,10,30,34,13,
1987,1988,1989,1990,1991,1992,1993,1994,1995,1996,1997,1998,1999,2000,2001,2002,2003,2004,2005,2006,2007,2008,2009,
2,1,4,1,3,1,1,1,1,1,0,2,2,3,3,2,5,1,9,2,4,4,1,
1988,1989,1990,1991,1992,1993,1994,1995,1996,1997,1998,1999,2000,2001,2002,2003,2004,2005,2006,2007,2008,2009,2010,
2,1,1,2,3,2,1,2,0,2,0,0,1,2,0,1,0,1,1,0,1,2,1,
1987,1988,1989,1990,1991,1992,1993,1994,1995,1996,1997,1998,1999,2000,2001,2002,2003,2004,2005,2006,2007,2008,2009,
2,2,2,6,5,4,3,0,3,1,7,1,1,4,1,3,4,3,2,2,5,4,4,
1987,1988,1989,1990,1991,1992,1993,1994,1995,1996,1997,1998,1999,2000,2001,2002,2003,2004,2005,2006,2007,2008,2009,
2,7,5,6,6,2,4,0,14,10,16,5,16,23,13,16,17,5,6,2,6,3,5,
1986,1987,1988,1989,1990,1991,1992,1993,1994,1995,1996,1997,1998,1999,2000,2001,2002,2003,2004,2005,2006,2007,2008,
3,0,1,4,2,1,1,0,0,0,0,0,1,3,0,2,1,2,1,0,0,0,1,
1986,1987,1988,1989,1990,1991,1992,1993,1994,1995,1996,1997,1998,1999,2000,2001,2002,2003,2004,2005,2006,2007,2008,
1,0,1,1,0,0,0,1,0,0,0,0,0,1,1,1,1,2,1,2,1,0,2,
1987,1988,1989,1990,1991,1992,1993,1994,1995,1996,1997,1998,1999,2000,2001,2002,2003,2004,2005,2006,2007,2008,2009,
2,0,2,3,10,5,5,6,6,2,6,4,5,5,3,6,6,2,1,3,5,11,4,
1985,1986,1987,1988,1989,1990,1991,1992,1993,1994,1995,1996,1997,1998,1999,2000,2001,2002,2003,2004,2005,2006,2007,
1,0,1,5,5,1,3,1,1,0,1,1,0,0,1,2,1,0,0,1,1,1,1,
1987,1988,1989,1990,1991,1992,1993,1994,1995,1996,1997,1998,1999,2000,2001,2002,2003,2004,2005,2006,2007,2008,2009,
1,3,3,0,5,2,5,5,7,1,8,0,1,9,3,4,4,11,2,11,1,6,8,
1987,1988,1989,1990,1991,1992,1993,1994,1995,1996,1997,1998,1999,2000,2001,2002,2003,2004,2005,2006,2007,2008,2009,
1,2,7,2,4,7,2,1,1,1,2,0,7,0,2,7,1,5,5,6,4,7,5,
1987,1988,1989,1990,1991,1992,1993,1994,1995,1996,1997,1998,1999,2000,2001,2002,2003,2004,2005,2006,2007,2008,2009,
1,1,1,0,2,3,1,3,2,4,1,0,0,2,2,1,0,1,0,0,1,1,1,
1986,1987,1988,1989,1990,1991,1992,1993,1994,1995,1996,1997,1998,1999,2000,2001,2002,2003,2004,2005,2006,2007,2008,
1,3,2,0,0,0,1,3,0,1,1,2,1,1,2,2,3,2,2,0,2,1,2,
1987,1988,1989,1990,1991,1992,1993,1994,1995,1996,1997,1998,1999,2000,2001,2002,2003,2004,2005,2006,2007,2008,2009,
1,4,7,0,4,1,1,5,5,2,2,0,1,1,4,1,1,0,1,1,0,1,1,
1978,1979,1980,1981,1982,1983,1984,1985,1986,1987,1988,1989,1990,1991,1992,1993,1994,1995,1996,1997,1998,1999,2000,
2,0,1,0,2,1,4,1,1,3,0,2,0,1,1,0,0,0,0,0,0,0,1,
1987,1988,1989,1990,1991,1992,1993,1994,1995,1996,1997,1998,1999,2000,2001,2002,2003,2004,2005,2006,2007,2008,2009,
1,1,0,0,1,1,2,0,3,0,1,1,1,0,2,0,4,2,1,0,1,0,1,
1987,1988,1989,1990,1991,1992,1993,1994,1995,1996,1997,1998,1999,2000,2001,2002,2003,2004,2005,2006,2007,2008,2009,
1,1,0,1,3,1,1,2,2,0,0,0,0,0,3,1,0,0,0,0,1,0,1,
1985,1986,1987,1988,1989,1990,1991,1992,1993,1994,1995,1996,1997,1998,1999,2000,2001,2002,2003,2004,2005,2006,2007,
1,1,1,3,6,0,0,0,2,0,0,1,1,0,0,4,1,0,1,0,0,0,1,
1987,1988,1989,1990,1991,1992,1993,1994,1995,1996,1997,1998,1999,2000,2001,2002,2003,2004,2005,2006,2007,2008,2009,
1,1,0,0,3,0,3,1,2,2,2,0,4,0,3,2,1,0,1,0,2,2,1,
1987,1988,1989,1990,1991,1992,1993,1994,1995,1996,1997,1998,1999,2000,2001,2002,2003,2004,2005,2006,2007,2008,2009,
1,2,3,1,7,2,1,3,3,0,2,2,0,1,2,0,0,1,2,0,1,0,1,
1983,1984,1985,1986,1987,1988,1989,1990,1991,1992,1993,1994,1995,1996,1997,1998,1999,2000,2001,2002,2003,2004,2005,
1,0,1,3,4,1,1,5,5,1,0,0,0,0,0,1,0,0,1,0,0,0,2,
1987,1988,1989,1990,1991,1992,1993,1994,1995,1996,1997,1998,1999,2000,2001,2002,2003,2004,2005,2006,2007,2008,2009,
1,2,1,1,1,0,1,2,0,0,0,0,0,2,0,1,0,3,0,0,1,0,2,
1983,1984,1985,1986,1987,1988,1989,1990,1991,1992,1993,1994,1995,1996,1997,1998,1999,2000,2001,2002,2003,2004,2005,
1,1,2,2,4,4,3,2,2,0,1,2,0,0,1,1,0,1,1,0,0,1,1,
1985,1986,1987,1988,1989,1990,1991,1992,1993,1994,1995,1996,1997,1998,1999,2000,2001,2002,2003,2004,2005,2006,2007,
1,0,0,1,5,3,2,3,0,1,1,0,1,1,1,1,1,2,1,0,0,0,1,
1971,1972,1973,1974,1975,1976,1977,1978,1979,1980,1981,1982,1983,1984,1985,1986,1987,1988,1989,1990,1991,1992,1993,
3,1,0,2,0,6,4,3,1,1,0,1,0,1,2,0,0,1,2,0,0,0,2,
1986,1987,1988,1989,1990,1991,1992,1993,1994,1995,1996,1997,1998,1999,2000,2001,2002,2003,2004,2005,2006,2007,2008,
1,1,2,2,4,1,0,2,1,0,0,1,0,1,0,0,0,0,0,0,1,0,1,
1984,1985,1986,1987,1988,1989,1990,1991,1992,1993,1994,1995,1996,1997,1998,1999,2000,2001,2002,2003,2004,2005,2006,
1,0,0,1,0,1,1,1,1,1,0,0,1,0,0,1,0,1,1,0,0,1,1,
1975,1976,1977,1978,1979,1980,1981,1982,1983,1984,1985,1986,1987,1988,1989,1990,1991,1992,1993,1994,1995,1996,1997,
1,2,3,0,0,3,0,0,1,2,0,2,0,2,3,1,1,0,1,0,1,0,1,
1979,1980,1981,1982,1983,1984,1985,1986,1987,1988,1989,1990,1991,1992,1993,1994,1995,1996,1997,1998,1999,2000,2001,
1,0,1,0,0,0,0,1,0,2,1,1,2,2,1,1,0,0,0,0,1,0,1,
1984,1985,1986,1987,1988,1989,1990,1991,1992,1993,1994,1995,1996,1997,1998,1999,2000,2001,2002,2003,2004,2005,2006,
3,3,7,13,14,14,8,6,6,5,3,0,0,0,0,0,2,0,1,0,0,1,1,
1987,1988,1989,1990,1991,1992,1993,1994,1995,1996,1997,1998,1999,2000,2001,2002,2003,2004,2005,2006,2007,2008,2009,
2,4,5,3,12,4,11,5,10,7,9,16,8,18,18,22,8,6,13,12,13,20,18,
1982,1983,1984,1985,1986,1987,1988,1989,1990,1991,1992,1993,1994,1995,1996,1997,1998,1999,2000,2001,2002,2003,2004,
1,1,2,1,1,1,1,4,2,0,1,1,2,2,0,0,0,0,0,0,0,0,1,
1987,1988,1989,1990,1991,1992,1993,1994,1995,1996,1997,1998,1999,2000,2001,2002,2003,2004,2005,2006,2007,2008,2009,
2,0,0,2,1,0,0,1,1,0,3,0,0,2,6,1,0,1,0,1,0,0,1,
1985,1986,1987,1988,1989,1990,1991,1992,1993,1994,1995,1996,1997,1998,1999,2000,2001,2002,2003,2004,2005,2006,2007,
2,4,3,4,5,3,4,2,3,3,2,0,0,1,1,1,3,0,0,0,0,1,1,
1986,1987,1988,1989,1990,1991,1992,1993,1994,1995,1996,1997,1998,1999,2000,2001,2002,2003,2004,2005,2006,2007,2008,
3,3,5,3,11,5,8,4,3,4,1,4,1,1,1,0,2,0,1,1,0,1,2,
1986,1987,1988,1989,1990,1991,1992,1993,1994,1995,1996,1997,1998,1999,2000,2001,2002,2003,2004,2005,2006,2007,2008,
1,1,3,1,4,3,0,1,0,1,3,2,0,0,2,0,3,0,1,0,0,1,1,
1984,1985,1986,1987,1988,1989,1990,1991,1992,1993,1994,1995,1996,1997,1998,1999,2000,2001,2002,2003,2004,2005,2006,
1,0,5,4,3,2,1,1,1,1,1,0,0,0,0,0,1,1,0,3,0,0,1,
1987,1988,1989,1990,1991,1992,1993,1994,1995,1996,1997,1998,1999,2000,2001,2002,2003,2004,2005,2006,2007,2008,2009,
1,0,14,14,17,10,11,6,7,2,6,5,11,6,7,11,11,3,0,1,4,3,3,
1987,1988,1989,1990,1991,1992,1993,1994,1995,1996,1997,1998,1999,2000,2001,2002,2003,2004,2005,2006,2007,2008,2009,
2,7,7,3,11,6,8,2,3,2,5,3,2,4,8,4,1,3,5,0,0,2,3,
1987,1988,1989,1990,1991,1992,1993,1994,1995,1996,1997,1998,1999,2000,2001,2002,2003,2004,2005,2006,2007,2008,2009,
2,3,7,2,2,4,7,5,2,0,4,1,1,1,0,0,1,0,0,0,0,0,2,
1986,1987,1988,1989,1990,1991,1992,1993,1994,1995,1996,1997,1998,1999,2000,2001,2002,2003,2004,2005,2006,2007,2008,
1,0,3,6,3,6,4,1,6,8,0,3,0,2,4,1,1,0,1,0,0,0,1,
1987,1988,1989,1990,1991,1992,1993,1994,1995,1996,1997,1998,1999,2000,2001,2002,2003,2004,2005,2006,2007,2008,2009,
2,6,2,3,2,1,4,2,2,0,2,0,3,1,1,3,5,7,2,0,2,5,3,
1987,1988,1989,1990,1991,1992,1993,1994,1995,1996,1997,1998,1999,2000,2001,2002,2003,2004,2005,2006,2007,2008,2009,
1,1,1,0,1,3,1,1,0,0,1,2,2,1,2,2,2,1,1,1,0,2,1,
1986,1987,1988,1989,1990,1991,1992,1993,1994,1995,1996,1997,1998,1999,2000,2001,2002,2003,2004,2005,2006,2007,2008,
4,6,2,0,2,4,2,1,2,6,2,2,1,0,5,2,1,0,0,2,0,0,2,
1987,1988,1989,1990,1991,1992,1993,1994,1995,1996,1997,1998,1999,2000,2001,2002,2003,2004,2005,2006,2007,2008,2009,
1,0,2,1,1,2,10,5,12,3,11,4,9,10,13,13,6,1,5,2,6,12,6,
1987,1988,1989,1990,1991,1992,1993,1994,1995,1996,1997,1998,1999,2000,2001,2002,2003,2004,2005,2006,2007,2008,2009,
2,1,0,0,1,1,3,1,0,0,0,0,0,1,1,0,1,0,2,0,3,3,1,
1983,1984,1985,1986,1987,1988,1989,1990,1991,1992,1993,1994,1995,1996,1997,1998,1999,2000,2001,2002,2003,2004,2005,
1,3,3,6,5,9,8,7,6,2,0,2,5,2,1,1,0,2,1,2,0,0,1,
1973,1974,1975,1976,1977,1978,1979,1980,1981,1982,1983,1984,1985,1986,1987,1988,1989,1990,1991,1992,1993,1994,1995,
1,0,1,1,0,0,0,0,1,0,3,1,2,0,2,0,1,1,2,0,0,0,1,
1987,1988,1989,1990,1991,1992,1993,1994,1995,1996,1997,1998,1999,2000,2001,2002,2003,2004,2005,2006,2007,2008,2009,
1,0,1,1,2,2,2,0,0,0,0,0,1,0,1,1,0,0,0,0,4,1,1,
1987,1988,1989,1990,1991,1992,1993,1994,1995,1996,1997,1998,1999,2000,2001,2002,2003,2004,2005,2006,2007,2008,2009,
2,5,5,1,10,5,7,0,1,1,3,1,2,0,2,2,1,0,0,1,2,1,1,
1982,1983,1984,1985,1986,1987,1988,1989,1990,1991,1992,1993,1994,1995,1996,1997,1998,1999,2000,2001,2002,2003,2004,
1,5,4,0,0,4,7,1,2,8,1,0,1,2,0,2,0,0,1,1,0,0,1,
1983,1984,1985,1986,1987,1988,1989,1990,1991,1992,1993,1994,1995,1996,1997,1998,1999,2000,2001,2002,2003,2004,2005,
1,0,3,2,2,0,2,3,0,1,0,0,1,0,2,0,0,1,0,1,0,0,1,
1983,1984,1985,1986,1987,1988,1989,1990,1991,1992,1993,1994,1995,1996,1997,1998,1999,2000,2001,2002,2003,2004,2005,
1,2,0,0,0,3,0,1,1,3,1,1,2,1,0,0,1,0,1,2,0,1,1,
1987,1988,1989,1990,1991,1992,1993,1994,1995,1996,1997,1998,1999,2000,2001,2002,2003,2004,2005,2006,2007,2008,2009,
1,0,5,1,7,5,3,1,4,1,9,2,3,4,9,6,1,1,2,3,1,0,1,
1987,1988,1989,1990,1991,1992,1993,1994,1995,1996,1997,1998,1999,2000,2001,2002,2003,2004,2005,2006,2007,2008,2009,
1,0,4,1,3,3,2,1,0,0,1,0,0,1,1,2,0,0,0,0,1,0,1,
1986,1987,1988,1989,1990,1991,1992,1993,1994,1995,1996,1997,1998,1999,2000,2001,2002,2003,2004,2005,2006,2007,2008,
2,3,7,6,1,1,1,1,0,2,0,0,0,0,0,0,0,2,1,0,0,0,1,
1987,1988,1989,1990,1991,1992,1993,1994,1995,1996,1997,1998,1999,2000,2001,2002,2003,2004,2005,2006,2007,2008,2009,
1,2,5,2,3,2,4,1,1,2,3,2,2,3,1,10,1,1,0,1,5,2,4,
1987,1988,1989,1990,1991,1992,1993,1994,1995,1996,1997,1998,1999,2000,2001,2002,2003,2004,2005,2006,2007,2008,2009,
1,2,2,0,2,1,0,1,1,1,4,2,8,6,1,3,8,3,0,3,9,1,2,
1986,1987,1988,1989,1990,1991,1992,1993,1994,1995,1996,1997,1998,1999,2000,2001,2002,2003,2004,2005,2006,2007,2008,
1,0,0,3,0,3,1,0,1,1,0,0,2,1,0,1,1,2,0,1,0,0,2,
1987,1988,1989,1990,1991,1992,1993,1994,1995,1996,1997,1998,1999,2000,2001,2002,2003,2004,2005,2006,2007,2008,2009,
1,0,0,0,0,0,0,0,0,2,5,3,9,12,13,22,15,12,7,13,17,20,19,
1987,1988,1989,1990,1991,1992,1993,1994,1995,1996,1997,1998,1999,2000,2001,2002,2003,2004,2005,2006,2007,2008,2009,
1,0,0,0,0,1,0,0,0,0,2,0,0,2,1,1,1,1,3,2,8,6,11,
1986,1987,1988,1989,1990,1991,1992,1993,1994,1995,1996,1997,1998,1999,2000,2001,2002,2003,2004,2005,2006,2007,2008,
1,0,8,3,4,3,2,2,1,1,1,1,1,2,1,1,0,1,1,0,0,2,2,
