1988,1989,1990,1991,1992,1993,1994,1995,1996,1997,1998,1999,2000,2001,2002,2003,2004,2005,2006,2007,2008,
1,2,1,1,1,0,1,1,2,0,1,0,0,1,0,0,0,1,0,0,1,
1989,1990,1991,1992,1993,1994,1995,1996,1997,1998,1999,2000,2001,2002,2003,2004,2005,2006,2007,2008,2009,
2,0,1,2,0,0,1,0,1,1,0,1,2,1,2,0,0,0,1,2,1,
1989,1990,1991,1992,1993,1994,1995,1996,1997,1998,1999,2000,2001,2002,2003,2004,2005,2006,2007,2008,2009,
2,2,0,1,2,3,3,1,2,0,1,0,0,1,0,0,1,0,0,0,3,
1989,1990,1991,1992,1993,1994,1995,1996,1997,1998,1999,2000,2001,2002,2003,2004,2005,2006,2007,2008,2009,
1,0,5,1,6,0,1,1,6,3,5,4,8,1,4,3,3,2,3,5,3,
1988,1989,1990,1991,1992,1993,1994,1995,1996,1997,1998,1999,2000,2001,2002,2003,2004,2005,2006,2007,2008,
4,13,4,9,2,12,3,2,0,2,2,4,4,6,4,5,2,3,2,2,3,
1988,1989,1990,1991,1992,1993,1994,1995,1996,1997,1998,1999,2000,2001,2002,2003,2004,2005,2006,2007,2008,
1,3,2,4,3,5,2,2,0,6,1,1,1,1,2,0,1,0,0,0,1,
1988,1989,1990,1991,1992,1993,1994,1995,1996,1997,1998,1999,2000,2001,2002,2003,2004,2005,2006,2007,2008,
1,4,1,1,0,0,0,0,0,0,0,0,0,1,2,0,1,2,2,1,2,
1987,1988,1989,1990,1991,1992,1993,1994,1995,1996,1997,1998,1999,2000,2001,2002,2003,2004,2005,2006,2007,
2,1,3,1,0,0,0,1,1,1,0,0,0,2,1,1,0,0,0,0,1,
1987,1988,1989,1990,1991,1992,1993,1994,1995,1996,1997,1998,1999,2000,2001,2002,2003,2004,2005,2006,2007,
1,1,3,2,4,1,4,1,6,2,1,0,1,0,0,2,0,0,0,0,1,
1987,1988,1989,1990,1991,1992,1993,1994,1995,1996,1997,1998,1999,2000,2001,2002,2003,2004,2005,2006,2007,
4,1,9,10,12,6,6,5,1,1,2,0,3,0,4,2,2,0,3,1,2,
1989,1990,1991,1992,1993,1994,1995,1996,1997,1998,1999,2000,2001,2002,2003,2004,2005,2006,2007,2008,2009,
2,1,1,2,2,2,4,3,5,3,4,4,4,6,8,5,0,3,3,9,7,
1988,1989,1990,1991,1992,1993,1994,1995,1996,1997,1998,1999,2000,2001,2002,2003,2004,2005,2006,2007,2008,
1,3,3,7,4,4,1,3,2,1,1,0,0,0,0,0,0,0,0,0,1,
1988,1989,1990,1991,1992,1993,1994,1995,1996,1997,1998,1999,2000,2001,2002,2003,2004,2005,2006,2007,2008,
1,3,6,11,11,4,1,2,0,2,0,1,0,0,0,0,0,0,0,0,2,
1989,1990,1991,1992,1993,1994,1995,1996,1997,1998,1999,2000,2001,2002,2003,2004,2005,2006,2007,2008,2009,
1,0,2,1,0,0,0,1,2,1,1,0,1,2,2,1,1,0,1,3,3,
1986,1987,1988,1989,1990,1991,1992,1993,1994,1995,1996,1997,1998,1999,2000,2001,2002,2003,2004,2005,2006,
5,8,16,7,3,5,4,4,5,2,1,3,0,2,0,0,1,2,0,1,1,
1989,1990,1991,1992,1993,1994,1995,1996,1997,1998,1999,2000,2001,2002,2003,2004,2005,2006,2007,2008,2009,
1,0,1,0,3,0,1,0,0,0,0,1,1,2,3,0,3,2,2,5,2,
1982,1983,1984,1985,1986,1987,1988,1989,1990,1991,1992,1993,1994,1995,1996,1997,1998,1999,2000,2001,2002,
1,1,0,0,2,2,0,2,1,1,1,1,0,0,0,0,0,0,1,0,1,
1989,1990,1991,1992,1993,1994,1995,1996,1997,1998,1999,2000,2001,2002,2003,2004,2005,2006,2007,2008,2009,
1,0,2,1,0,0,2,3,1,1,3,2,1,8,6,5,8,6,15,7,6,
1989,1990,1991,1992,1993,1994,1995,1996,1997,1998,1999,2000,2001,2002,2003,2004,2005,2006,2007,2008,2009,
3,2,5,1,0,1,1,0,0,1,0,2,2,2,0,0,1,0,1,1,1,
1989,1990,1991,1992,1993,1994,1995,1996,1997,1998,1999,2000,2001,2002,2003,2004,2005,2006,2007,2008,2009,
1,2,2,1,1,0,2,2,1,1,0,0,1,1,0,2,1,1,4,2,5,
1989,1990,1991,1992,1993,1994,1995,1996,1997,1998,1999,2000,2001,2002,2003,2004,2005,2006,2007,2008,2009,
1,2,1,0,1,0,0,1,1,0,0,0,3,1,1,0,0,0,0,1,1,
1987,1988,1989,1990,1991,1992,1993,1994,1995,1996,1997,1998,1999,2000,2001,2002,2003,2004,2005,2006,2007,
3,5,6,1,6,2,0,0,1,1,3,1,1,1,0,1,0,0,0,0,3,
1988,1989,1990,1991,1992,1993,1994,1995,1996,1997,1998,1999,2000,2001,2002,2003,2004,2005,2006,2007,2008,
4,2,7,5,4,3,2,8,2,1,0,0,0,0,2,0,0,0,0,0,1,
1989,1990,1991,1992,1993,1994,1995,1996,1997,1998,1999,2000,2001,2002,2003,2004,2005,2006,2007,2008,2009,
1,0,0,0,0,1,1,1,1,0,0,1,1,2,1,0,0,0,0,1,1,
1987,1988,1989,1990,1991,1992,1993,1994,1995,1996,1997,1998,1999,2000,2001,2002,2003,2004,2005,2006,2007,
1,12,4,2,5,3,0,1,2,0,0,1,0,2,0,0,0,0,0,0,1,
1989,1990,1991,1992,1993,1994,1995,1996,1997,1998,1999,2000,2001,2002,2003,2004,2005,2006,2007,2008,2009,
2,1,3,3,3,5,0,0,2,1,1,1,0,1,4,0,1,1,0,2,1,
1988,1989,1990,1991,1992,1993,1994,1995,1996,1997,1998,1999,2000,2001,2002,2003,2004,2005,2006,2007,2008,
3,3,1,4,4,0,1,0,0,1,1,0,1,2,1,0,2,0,1,0,1,
1989,1990,1991,1992,1993,1994,1995,1996,1997,1998,1999,2000,2001,2002,2003,2004,2005,2006,2007,2008,2009,
1,1,2,4,2,0,3,1,1,0,0,1,1,0,1,0,0,1,0,1,1,
1987,1988,1989,1990,1991,1992,1993,1994,1995,1996,1997,1998,1999,2000,2001,2002,2003,2004,2005,2006,2007,
13,5,16,7,6,5,7,1,1,5,1,0,1,0,0,0,0,0,1,0,1,
1989,1990,1991,1992,1993,1994,1995,1996,1997,1998,1999,2000,2001,2002,2003,2004,2005,2006,2007,2008,2009,
3,2,3,1,0,0,1,1,2,0,1,0,0,0,0,0,1,1,0,0,1,
1989,1990,1991,1992,1993,1994,1995,1996,1997,1998,1999,2000,2001,2002,2003,2004,2005,2006,2007,2008,2009,
2,1,0,0,2,0,4,1,2,1,1,5,2,4,0,0,2,1,3,3,2,
1988,1989,1990,1991,1992,1993,1994,1995,1996,1997,1998,1999,2000,2001,2002,2003,2004,2005,2006,2007,2008,
3,12,1,9,2,6,12,7,5,7,2,4,2,4,2,0,0,1,1,1,1,
1988,1989,1990,1991,1992,1993,1994,1995,1996,1997,1998,1999,2000,2001,2002,2003,2004,2005,2006,2007,2008,
1,1,0,4,2,1,3,3,0,2,1,0,0,0,0,0,0,0,1,0,1,
1989,1990,1991,1992,1993,1994,1995,1996,1997,1998,1999,2000,2001,2002,2003,2004,2005,2006,2007,2008,2009,
3,2,0,4,0,1,0,0,6,0,1,2,1,0,0,2,0,0,0,1,2,
1988,1989,1990,1991,1992,1993,1994,1995,1996,1997,1998,1999,2000,2001,2002,2003,2004,2005,2006,2007,2008,
2,6,3,9,9,1,1,2,2,3,1,3,4,2,5,2,2,0,2,4,2,
1989,1990,1991,1992,1993,1994,1995,1996,1997,1998,1999,2000,2001,2002,2003,2004,2005,2006,2007,2008,2009,
2,1,3,0,1,1,2,1,3,0,0,2,0,0,2,2,1,1,0,3,1,
1989,1990,1991,1992,1993,1994,1995,1996,1997,1998,1999,2000,2001,2002,2003,2004,2005,2006,2007,2008,2009,
3,3,2,2,2,5,4,0,1,0,1,1,0,1,5,0,1,0,1,1,3,
1989,1990,1991,1992,1993,1994,1995,1996,1997,1998,1999,2000,2001,2002,2003,2004,2005,2006,2007,2008,2009,
2,3,2,1,1,0,2,0,1,1,0,1,1,0,1,0,1,1,1,0,4,
1987,1988,1989,1990,1991,1992,1993,1994,1995,1996,1997,1998,1999,2000,2001,2002,2003,2004,2005,2006,2007,
3,0,1,0,1,1,3,2,1,1,0,0,0,2,0,1,0,1,0,0,1,
1989,1990,1991,1992,1993,1994,1995,1996,1997,1998,1999,2000,2001,2002,2003,2004,2005,2006,2007,2008,2009,
2,0,0,2,3,2,0,2,0,2,1,1,4,1,1,0,0,0,1,2,2,
1989,1990,1991,1992,1993,1994,1995,1996,1997,1998,1999,2000,2001,2002,2003,2004,2005,2006,2007,2008,2009,
1,2,0,0,3,0,0,0,2,0,1,1,0,2,1,1,0,2,1,5,5,
1987,1988,1989,1990,1991,1992,1993,1994,1995,1996,1997,1998,1999,2000,2001,2002,2003,2004,2005,2006,2007,
1,2,3,4,5,5,3,2,2,3,1,1,1,1,2,1,0,0,0,0,1,
1987,1988,1989,1990,1991,1992,1993,1994,1995,1996,1997,1998,1999,2000,2001,2002,2003,2004,2005,2006,2007,
1,0,0,0,0,2,0,2,2,1,1,1,0,1,0,2,0,0,1,2,1,
1988,1989,1990,1991,1992,1993,1994,1995,1996,1997,1998,1999,2000,2001,2002,2003,2004,2005,2006,2007,2008,
2,1,0,1,0,1,1,2,2,2,0,0,1,0,1,0,0,0,1,0,1,
1988,1989,1990,1991,1992,1993,1994,1995,1996,1997,1998,1999,2000,2001,2002,2003,2004,2005,2006,2007,2008,
4,10,4,6,2,2,1,1,4,3,1,2,2,0,4,2,0,0,0,0,1,
1987,1988,1989,1990,1991,1992,1993,1994,1995,1996,1997,1998,1999,2000,2001,2002,2003,2004,2005,2006,2007,
3,8,8,6,9,3,5,4,4,2,2,2,2,3,1,4,0,0,0,0,1,
1989,1990,1991,1992,1993,1994,1995,1996,1997,1998,1999,2000,2001,2002,2003,2004,2005,2006,2007,2008,2009,
1,3,2,0,1,1,0,2,0,0,1,1,5,3,2,1,1,5,3,6,5,
1989,1990,1991,1992,1993,1994,1995,1996,1997,1998,1999,2000,2001,2002,2003,2004,2005,2006,2007,2008,2009,
1,1,1,0,2,1,0,0,0,0,0,0,1,0,3,2,0,2,0,1,1,
1989,1990,1991,1992,1993,1994,1995,1996,1997,1998,1999,2000,2001,2002,2003,2004,2005,2006,2007,2008,2009,
1,1,0,1,0,1,0,1,1,1,0,0,1,6,1,0,0,1,3,2,2,
1988,1989,1990,1991,1992,1993,1994,1995,1996,1997,1998,1999,2000,2001,2002,2003,2004,2005,2006,2007,2008,
3,2,0,1,1,2,2,1,1,1,1,0,1,2,3,1,1,1,1,1,1,
1989,1990,1991,1992,1993,1994,1995,1996,1997,1998,1999,2000,2001,2002,2003,2004,2005,2006,2007,2008,2009,
1,2,4,2,3,0,0,1,2,1,0,1,0,2,2,0,2,0,1,1,1,
1987,1988,1989,1990,1991,1992,1993,1994,1995,1996,1997,1998,1999,2000,2001,2002,2003,2004,2005,2006,2007,
5,5,11,6,6,1,7,2,2,0,1,1,1,0,1,0,0,0,0,0,1,
1988,1989,1990,1991,1992,1993,1994,1995,1996,1997,1998,1999,2000,2001,2002,2003,2004,2005,2006,2007,2008,
1,0,1,0,1,1,0,0,1,1,0,0,1,1,2,1,1,1,0,1,1,
1989,1990,1991,1992,1993,1994,1995,1996,1997,1998,1999,2000,2001,2002,2003,2004,2005,2006,2007,2008,2009,
2,0,0,0,0,0,0,0,2,1,1,0,3,3,5,3,4,3,2,13,9,
1989,1990,1991,1992,1993,1994,1995,1996,1997,1998,1999,2000,2001,2002,2003,2004,2005,2006,2007,2008,2009,
4,8,10,4,3,3,3,1,2,0,0,5,2,1,0,0,1,0,1,0,1,
1988,1989,1990,1991,1992,1993,1994,1995,1996,1997,1998,1999,2000,2001,2002,2003,2004,2005,2006,2007,2008,
2,0,1,1,3,1,0,0,1,0,0,0,0,1,0,1,0,0,1,1,1,
1988,1989,1990,1991,1992,1993,1994,1995,1996,1997,1998,1999,2000,2001,2002,2003,2004,2005,2006,2007,2008,
2,0,2,11,9,15,0,8,6,9,1,1,10,6,1,2,3,3,3,2,4,
1986,1987,1988,1989,1990,1991,1992,1993,1994,1995,1996,1997,1998,1999,2000,2001,2002,2003,2004,2005,2006,
1,2,0,3,1,0,2,1,1,0,0,2,0,1,0,0,1,0,0,0,1,
1987,1988,1989,1990,1991,1992,1993,1994,1995,1996,1997,1998,1999,2000,2001,2002,2003,2004,2005,2006,2007,
1,0,0,3,1,0,1,1,2,1,3,0,2,3,3,3,4,2,3,1,3,
1988,1989,1990,1991,1992,1993,1994,1995,1996,1997,1998,1999,2000,2001,2002,2003,2004,2005,2006,2007,2008,
3,14,10,19,8,6,4,6,1,2,0,2,2,1,1,0,0,0,2,0,1,
1986,1987,1988,1989,1990,1991,1992,1993,1994,1995,1996,1997,1998,1999,2000,2001,2002,2003,2004,2005,2006,
2,1,0,1,0,0,0,0,0,0,1,1,1,0,1,1,1,0,0,1,1,
1989,1990,1991,1992,1993,1994,1995,1996,1997,1998,1999,2000,2001,2002,2003,2004,2005,2006,2007,2008,2009,
1,0,2,5,4,4,1,0,0,0,0,0,0,0,1,0,1,2,0,1,1,
1989,1990,1991,1992,1993,1994,1995,1996,1997,1998,1999,2000,2001,2002,2003,2004,2005,2006,2007,2008,2009,
2,5,7,1,6,4,4,1,3,6,7,8,3,7,11,2,1,3,5,5,2,
1989,1990,1991,1992,1993,1994,1995,1996,1997,1998,1999,2000,2001,2002,2003,2004,2005,2006,2007,2008,2009,
1,2,2,0,1,0,0,0,1,0,0,0,1,1,4,0,0,1,4,5,3,
1988,1989,1990,1991,1992,1993,1994,1995,1996,1997,1998,1999,2000,2001,2002,2003,2004,2005,2006,2007,2008,
1,5,4,4,3,2,3,3,0,3,0,1,2,2,3,2,1,0,0,0,1,
1986,1987,1988,1989,1990,1991,1992,1993,1994,1995,1996,1997,1998,1999,2000,2001,2002,2003,2004,2005,2006,
2,5,5,9,4,3,0,2,0,1,0,0,0,0,0,2,0,1,0,0,1,
1989,1990,1991,1992,1993,1994,1995,1996,1997,1998,1999,2000,2001,2002,2003,2004,2005,2006,2007,2008,2009,
1,0,0,3,3,0,2,0,1,0,1,3,4,3,0,2,2,1,1,3,2,
1989,1990,1991,1992,1993,1994,1995,1996,1997,1998,1999,2000,2001,2002,2003,2004,2005,2006,2007,2008,2009,
2,0,1,1,1,0,2,0,1,0,0,0,1,3,0,0,1,1,0,0,3,
1989,1990,1991,1992,1993,1994,1995,1996,1997,1998,1999,2000,2001,2002,2003,2004,2005,2006,2007,2008,2009,
2,1,0,0,0,0,1,0,4,3,3,4,1,5,7,1,3,4,9,5,9,
1988,1989,1990,1991,1992,1993,1994,1995,1996,1997,1998,1999,2000,2001,2002,2003,2004,2005,2006,2007,2008,
2,3,4,3,6,2,3,4,2,3,1,3,1,1,3,1,1,3,0,2,2,
1988,1989,1990,1991,1992,1993,1994,1995,1996,1997,1998,1999,2000,2001,2002,2003,2004,2005,2006,2007,2008,
3,8,2,3,1,2,2,1,0,1,3,0,4,2,0,1,1,1,0,0,1,
1984,1985,1986,1987,1988,1989,1990,1991,1992,1993,1994,1995,1996,1997,1998,1999,2000,2001,2002,2003,2004,
1,0,2,1,2,1,3,3,0,1,2,2,2,2,0,0,0,0,0,0,1,
1988,1989,1990,1991,1992,1993,1994,1995,1996,1997,1998,1999,2000,2001,2002,2003,2004,2005,2006,2007,2008,
1,0,1,4,1,3,2,4,2,2,0,1,3,0,1,1,0,1,0,0,1,
1989,1990,1991,1992,1993,1994,1995,1996,1997,1998,1999,2000,2001,2002,2003,2004,2005,2006,2007,2008,2009,
4,4,5,4,3,1,7,1,3,0,1,0,0,0,0,0,1,0,0,0,1,
1988,1989,1990,1991,1992,1993,1994,1995,1996,1997,1998,1999,2000,2001,2002,2003,2004,2005,2006,2007,2008,
3,1,2,2,0,1,1,1,0,0,0,1,0,0,1,0,0,0,0,2,2,
1989,1990,1991,1992,1993,1994,1995,1996,1997,1998,1999,2000,2001,2002,2003,2004,2005,2006,2007,2008,2009,
5,2,1,2,4,0,4,0,1,0,3,1,1,0,1,0,3,0,1,1,2,
1989,1990,1991,1992,1993,1994,1995,1996,1997,1998,1999,2000,2001,2002,2003,2004,2005,2006,2007,2008,2009,
5,5,8,2,6,7,7,6,4,4,2,4,1,1,2,2,1,0,0,1,2,
1989,1990,1991,1992,1993,1994,1995,1996,1997,1998,1999,2000,2001,2002,2003,2004,2005,2006,2007,2008,2009,
2,1,4,0,0,1,1,1,2,0,1,5,3,0,0,0,2,0,0,0,2,
1989,1990,1991,1992,1993,1994,1995,1996,1997,1998,1999,2000,2001,2002,2003,2004,2005,2006,2007,2008,2009,
3,6,4,5,11,8,8,2,6,2,2,3,2,2,1,1,2,1,2,2,8,
1987,1988,1989,1990,1991,1992,1993,1994,1995,1996,1997,1998,1999,2000,2001,2002,2003,2004,2005,2006,2007,
1,2,6,0,3,2,0,2,4,1,0,1,0,4,0,1,1,1,0,0,2,
1989,1990,1991,1992,1993,1994,1995,1996,1997,1998,1999,2000,2001,2002,2003,2004,2005,2006,2007,2008,2009,
1,0,0,0,1,0,0,1,9,9,4,2,3,8,9,3,5,5,2,7,3,
1989,1990,1991,1992,1993,1994,1995,1996,1997,1998,1999,2000,2001,2002,2003,2004,2005,2006,2007,2008,2009,
3,0,3,0,8,0,3,1,4,3,3,2,5,3,3,1,4,0,3,6,2,
1988,1989,1990,1991,1992,1993,1994,1995,1996,1997,1998,1999,2000,2001,2002,2003,2004,2005,2006,2007,2008,
3,6,0,4,5,3,0,3,1,2,0,1,3,2,0,1,1,1,2,1,1,
1989,1990,1991,1992,1993,1994,1995,1996,1997,1998,1999,2000,2001,2002,2003,2004,2005,2006,2007,2008,2009,
2,2,6,3,4,3,2,0,3,1,2,2,1,3,1,0,0,1,3,1,5,
1987,1988,1989,1990,1991,1992,1993,1994,1995,1996,1997,1998,1999,2000,2001,2002,2003,2004,2005,2006,2007,
1,6,4,5,2,2,1,1,2,0,0,2,0,1,0,1,0,1,1,0,1,
1989,1990,1991,1992,1993,1994,1995,1996,1997,1998,1999,2000,2001,2002,2003,2004,2005,2006,2007,2008,2009,
2,0,1,2,1,2,0,0,0,1,1,1,2,1,0,1,0,0,0,1,5,
1989,1990,1991,1992,1993,1994,1995,1996,1997,1998,1999,2000,2001,2002,2003,2004,2005,2006,2007,2008,2009,
1,1,6,4,6,2,6,3,8,2,10,10,20,28,23,11,15,22,21,30,35,
1988,1989,1990,1991,1992,1993,1994,1995,1996,1997,1998,1999,2000,2001,2002,2003,2004,2005,2006,2007,2008,
3,4,4,8,4,2,0,1,0,0,0,0,0,0,1,0,0,1,0,1,2,
1989,1990,1991,1992,1993,1994,1995,1996,1997,1998,1999,2000,2001,2002,2003,2004,2005,2006,2007,2008,2009,
1,0,1,0,3,2,4,4,2,0,0,3,2,0,3,2,0,0,1,3,4,
1989,1990,1991,1992,1993,1994,1995,1996,1997,1998,1999,2000,2001,2002,2003,2004,2005,2006,2007,2008,2009,
1,0,0,1,0,0,1,0,2,3,6,3,7,22,21,7,12,2,4,11,7,
1989,1990,1991,1992,1993,1994,1995,1996,1997,1998,1999,2000,2001,2002,2003,2004,2005,2006,2007,2008,2009,
1,0,2,2,4,2,3,0,2,0,2,8,1,11,10,4,3,4,9,14,20,
1989,1990,1991,1992,1993,1994,1995,1996,1997,1998,1999,2000,2001,2002,2003,2004,2005,2006,2007,2008,2009,
1,0,2,1,0,1,0,1,0,1,1,2,3,0,1,0,0,0,0,0,1,
1989,1990,1991,1992,1993,1994,1995,1996,1997,1998,1999,2000,2001,2002,2003,2004,2005,2006,2007,2008,2009,
1,0,2,0,2,1,1,0,1,0,0,0,0,1,0,0,2,1,2,1,1,
1989,1990,1991,1992,1993,1994,1995,1996,1997,1998,1999,2000,2001,2002,2003,2004,2005,2006,2007,2008,2009,
1,0,1,1,1,1,0,0,1,1,0,1,0,1,0,1,0,0,0,0,2,
1988,1989,1990,1991,1992,1993,1994,1995,1996,1997,1998,1999,2000,2001,2002,2003,2004,2005,2006,2007,2008,
1,1,0,3,3,0,2,3,0,0,3,0,3,4,2,2,0,7,0,0,5,
1989,1990,1991,1992,1993,1994,1995,1996,1997,1998,1999,2000,2001,2002,2003,2004,2005,2006,2007,2008,2009,
2,4,3,1,1,1,2,2,6,1,0,2,1,0,0,0,0,0,0,0,1,
1989,1990,1991,1992,1993,1994,1995,1996,1997,1998,1999,2000,2001,2002,2003,2004,2005,2006,2007,2008,2009,
2,0,0,0,1,0,0,0,2,0,2,1,2,2,1,1,4,0,2,1,2,
1989,1990,1991,1992,1993,1994,1995,1996,1997,1998,1999,2000,2001,2002,2003,2004,2005,2006,2007,2008,2009,
1,0,0,0,0,0,0,0,3,3,1,1,2,0,3,1,1,1,1,2,1,
1988,1989,1990,1991,1992,1993,1994,1995,1996,1997,1998,1999,2000,2001,2002,2003,2004,2005,2006,2007,2008,
1,1,0,2,1,0,0,1,0,1,2,5,0,2,0,1,0,0,0,1,1,
1989,1990,1991,1992,1993,1994,1995,1996,1997,1998,1999,2000,2001,2002,2003,2004,2005,2006,2007,2008,2009,
2,1,1,0,1,1,2,3,3,3,6,6,4,7,0,1,4,1,2,10,5,
1989,1990,1991,1992,1993,1994,1995,1996,1997,1998,1999,2000,2001,2002,2003,2004,2005,2006,2007,2008,2009,
1,0,1,0,4,1,0,0,0,1,1,4,2,0,2,1,0,2,2,1,3,
1989,1990,1991,1992,1993,1994,1995,1996,1997,1998,1999,2000,2001,2002,2003,2004,2005,2006,2007,2008,2009,
2,2,4,1,2,1,1,0,1,0,0,0,0,0,1,0,0,0,1,1,2,
1987,1988,1989,1990,1991,1992,1993,1994,1995,1996,1997,1998,1999,2000,2001,2002,2003,2004,2005,2006,2007,
2,0,4,1,3,0,2,3,5,1,2,0,0,0,0,2,0,0,0,0,1,
1986,1987,1988,1989,1990,1991,1992,1993,1994,1995,1996,1997,1998,1999,2000,2001,2002,2003,2004,2005,2006,
1,1,9,8,1,8,7,5,3,5,2,4,1,1,0,3,1,1,0,1,1,
1988,1989,1990,1991,1992,1993,1994,1995,1996,1997,1998,1999,2000,2001,2002,2003,2004,2005,2006,2007,2008,
1,0,1,1,0,1,1,2,0,0,0,1,0,0,0,0,1,1,0,1,1,
1988,1989,1990,1991,1992,1993,1994,1995,1996,1997,1998,1999,2000,2001,2002,2003,2004,2005,2006,2007,2008,
1,3,5,2,3,4,2,4,0,3,3,0,1,0,2,0,0,1,1,1,2,
1987,1988,1989,1990,1991,1992,1993,1994,1995,1996,1997,1998,1999,2000,2001,2002,2003,2004,2005,2006,2007,
4,2,3,6,2,2,0,0,1,0,2,0,2,0,0,1,0,1,0,0,1,
1987,1988,1989,1990,1991,1992,1993,1994,1995,1996,1997,1998,1999,2000,2001,2002,2003,2004,2005,2006,2007,
3,5,2,2,4,3,4,1,1,1,0,1,0,0,1,0,1,1,0,0,1,
1989,1990,1991,1992,1993,1994,1995,1996,1997,1998,1999,2000,2001,2002,2003,2004,2005,2006,2007,2008,2009,
1,1,1,1,0,0,0,0,2,1,0,1,0,0,0,0,1,3,5,1,5,
1989,1990,1991,1992,1993,1994,1995,1996,1997,1998,1999,2000,2001,2002,2003,2004,2005,2006,2007,2008,2009,
2,1,1,0,0,0,2,0,0,0,1,3,0,3,0,1,1,1,3,2,3,
1988,1989,1990,1991,1992,1993,1994,1995,1996,1997,1998,1999,2000,2001,2002,2003,2004,2005,2006,2007,2008,
2,2,1,0,1,0,0,1,1,3,0,0,1,1,0,0,0,1,0,0,1,
1987,1988,1989,1990,1991,1992,1993,1994,1995,1996,1997,1998,1999,2000,2001,2002,2003,2004,2005,2006,2007,
1,2,0,1,2,3,3,1,5,2,3,3,2,2,0,0,1,0,0,1,1,
1989,1990,1991,1992,1993,1994,1995,1996,1997,1998,1999,2000,2001,2002,2003,2004,2005,2006,2007,2008,2009,
1,0,0,1,1,1,1,2,0,0,0,1,1,4,1,1,0,0,0,0,3,
1988,1989,1990,1991,1992,1993,1994,1995,1996,1997,1998,1999,2000,2001,2002,2003,2004,2005,2006,2007,2008,
2,1,1,6,0,3,1,1,0,3,2,0,1,1,0,0,0,0,0,0,1,
1989,1990,1991,1992,1993,1994,1995,1996,1997,1998,1999,2000,2001,2002,2003,2004,2005,2006,2007,2008,2009,
3,4,4,2,1,0,0,0,6,2,1,2,2,1,1,0,1,2,1,1,2,
1988,1989,1990,1991,1992,1993,1994,1995,1996,1997,1998,1999,2000,2001,2002,2003,2004,2005,2006,2007,2008,
4,2,5,13,6,4,1,3,3,5,4,6,2,4,3,1,1,2,0,0,3,
1988,1989,1990,1991,1992,1993,1994,1995,1996,1997,1998,1999,2000,2001,2002,2003,2004,2005,2006,2007,2008,
1,2,1,2,2,2,2,2,2,1,0,0,0,1,0,0,0,1,0,0,1,
1988,1989,1990,1991,1992,1993,1994,1995,1996,1997,1998,1999,2000,2001,2002,2003,2004,2005,2006,2007,2008,
1,1,0,1,1,3,1,3,0,1,0,0,1,0,1,5,0,0,0,0,1,
1988,1989,1990,1991,1992,1993,1994,1995,1996,1997,1998,1999,2000,2001,2002,2003,2004,2005,2006,2007,2008,
1,2,0,1,0,4,1,3,1,0,3,3,0,2,0,2,0,1,1,2,1,
1989,1990,1991,1992,1993,1994,1995,1996,1997,1998,1999,2000,2001,2002,2003,2004,2005,2006,2007,2008,2009,
2,1,0,2,0,2,0,0,0,1,1,1,0,9,6,2,1,3,1,4,2,
1989,1990,1991,1992,1993,1994,1995,1996,1997,1998,1999,2000,2001,2002,2003,2004,2005,2006,2007,2008,2009,
1,0,1,0,1,0,1,0,0,0,2,0,0,0,1,3,2,1,2,11,7,
1987,1988,1989,1990,1991,1992,1993,1994,1995,1996,1997,1998,1999,2000,2001,2002,2003,2004,2005,2006,2007,
2,1,3,1,5,3,2,1,1,0,0,0,1,2,1,0,0,0,0,0,1,
1989,1990,1991,1992,1993,1994,1995,1996,1997,1998,1999,2000,2001,2002,2003,2004,2005,2006,2007,2008,2009,
2,0,3,1,2,0,0,0,0,0,1,2,0,1,1,0,1,0,1,1,1,
1988,1989,1990,1991,1992,1993,1994,1995,1996,1997,1998,1999,2000,2001,2002,2003,2004,2005,2006,2007,2008,
3,3,0,3,2,2,0,1,0,2,0,0,2,1,0,1,0,0,0,0,1,
1989,1990,1991,1992,1993,1994,1995,1996,1997,1998,1999,2000,2001,2002,2003,2004,2005,2006,2007,2008,2009,
2,0,0,0,0,1,2,0,0,1,0,1,2,2,1,0,0,1,1,1,2,
1988,1989,1990,1991,1992,1993,1994,1995,1996,1997,1998,1999,2000,2001,2002,2003,2004,2005,2006,2007,2008,
2,0,0,1,0,1,0,1,0,1,0,0,1,0,2,1,0,1,2,0,2,
1989,1990,1991,1992,1993,1994,1995,1996,1997,1998,1999,2000,2001,2002,2003,2004,2005,2006,2007,2008,2009,
2,1,0,0,0,0,0,0,2,0,3,0,1,1,1,0,1,1,4,0,1,
1989,1990,1991,1992,1993,1994,1995,1996,1997,1998,1999,2000,2001,2002,2003,2004,2005,2006,2007,2008,2009,
1,1,1,2,3,4,1,1,1,0,0,1,2,2,1,0,0,0,1,2,1,
1989,1990,1991,1992,1993,1994,1995,1996,1997,1998,1999,2000,2001,2002,2003,2004,2005,2006,2007,2008,2009,
4,8,3,4,5,1,6,8,6,8,6,7,9,5,7,2,2,2,5,0,2,
1987,1988,1989,1990,1991,1992,1993,1994,1995,1996,1997,1998,1999,2000,2001,2002,2003,2004,2005,2006,2007,
1,4,7,7,4,5,2,1,1,0,0,1,3,0,5,0,0,0,0,0,1,
1989,1990,1991,1992,1993,1994,1995,1996,1997,1998,1999,2000,2001,2002,2003,2004,2005,2006,2007,2008,2009,
1,0,0,5,5,0,0,1,2,0,1,1,0,0,2,1,1,0,0,4,1,
1986,1987,1988,1989,1990,1991,1992,1993,1994,1995,1996,1997,1998,1999,2000,2001,2002,2003,2004,2005,2006,
1,2,3,6,1,3,1,1,1,0,0,3,1,0,1,2,0,3,0,0,1,
1988,1989,1990,1991,1992,1993,1994,1995,1996,1997,1998,1999,2000,2001,2002,2003,2004,2005,2006,2007,2008,
4,5,2,4,3,2,1,0,1,0,0,0,1,0,0,0,2,0,0,0,2,
1988,1989,1990,1991,1992,1993,1994,1995,1996,1997,1998,1999,2000,2001,2002,2003,2004,2005,2006,2007,2008,
1,4,0,0,2,3,0,1,1,1,1,0,0,3,1,0,0,0,0,0,2,
1989,1990,1991,1992,1993,1994,1995,1996,1997,1998,1999,2000,2001,2002,2003,2004,2005,2006,2007,2008,2009,
2,3,0,0,0,1,1,0,1,0,0,0,1,1,0,0,1,0,1,1,1,
1989,1990,1991,1992,1993,1994,1995,1996,1997,1998,1999,2000,2001,2002,2003,2004,2005,2006,2007,2008,2009,
2,2,2,2,1,1,2,0,2,0,1,0,0,2,0,0,2,0,0,0,1,
1989,1990,1991,1992,1993,1994,1995,1996,1997,1998,1999,2000,2001,2002,2003,2004,2005,2006,2007,2008,2009,
1,1,1,1,0,0,1,0,5,0,4,1,2,2,3,2,1,0,0,0,1,
1988,1989,1990,1991,1992,1993,1994,1995,1996,1997,1998,1999,2000,2001,2002,2003,2004,2005,2006,2007,2008,
1,2,1,2,1,2,0,2,2,1,1,2,1,1,2,1,0,0,0,0,1,
1988,1989,1990,1991,1992,1993,1994,1995,1996,1997,1998,1999,2000,2001,2002,2003,2004,2005,2006,2007,2008,
1,2,2,4,5,1,0,2,1,3,1,2,3,1,0,2,0,1,0,0,1,
1989,1990,1991,1992,1993,1994,1995,1996,1997,1998,1999,2000,2001,2002,2003,2004,2005,2006,2007,2008,2009,
1,1,0,0,1,0,0,1,1,0,0,0,1,1,1,1,0,0,0,1,1,
1989,1990,1991,1992,1993,1994,1995,1996,1997,1998,1999,2000,2001,2002,2003,2004,2005,2006,2007,2008,2009,
2,0,1,2,1,1,0,0,0,1,0,0,3,0,0,0,1,0,1,1,1,
1989,1990,1991,1992,1993,1994,1995,1996,1997,1998,1999,2000,2001,2002,2003,2004,2005,2006,2007,2008,2009,
1,1,2,4,5,3,2,1,4,4,2,8,6,14,13,1,7,3,5,3,10,
1989,1990,1991,1992,1993,1994,1995,1996,1997,1998,1999,2000,2001,2002,2003,2004,2005,2006,2007,2008,2009,
4,4,3,3,2,5,2,0,1,1,0,2,4,3,0,1,2,0,1,2,1,
1989,1990,1991,1992,1993,1994,1995,1996,1997,1998,1999,2000,2001,2002,2003,2004,2005,2006,2007,2008,2009,
1,2,1,0,0,2,2,0,1,3,1,0,2,2,2,0,1,5,7,2,2,
1988,1989,1990,1991,1992,1993,1994,1995,1996,1997,1998,1999,2000,2001,2002,2003,2004,2005,2006,2007,2008,
8,8,3,6,4,2,0,0,1,1,1,0,0,0,1,0,1,0,0,0,1,
1987,1988,1989,1990,1991,1992,1993,1994,1995,1996,1997,1998,1999,2000,2001,2002,2003,2004,2005,2006,2007,
1,3,2,6,4,0,1,1,2,0,0,0,1,2,1,3,1,0,0,0,1,
1988,1989,1990,1991,1992,1993,1994,1995,1996,1997,1998,1999,2000,2001,2002,2003,2004,2005,2006,2007,2008,
1,3,2,4,3,3,1,3,1,1,1,0,0,1,1,0,0,0,0,1,1,
1988,1989,1990,1991,1992,1993,1994,1995,1996,1997,1998,1999,2000,2001,2002,2003,2004,2005,2006,2007,2008,
1,0,2,1,1,0,0,0,1,2,0,1,1,0,2,0,0,2,0,1,1,
1989,1990,1991,1992,1993,1994,1995,1996,1997,1998,1999,2000,2001,2002,2003,2004,2005,2006,2007,2008,2009,
5,3,4,3,3,6,1,2,13,12,1,8,3,13,2,2,2,2,9,8,2,
1989,1990,1991,1992,1993,1994,1995,1996,1997,1998,1999,2000,2001,2002,2003,2004,2005,2006,2007,2008,2009,
1,1,0,3,1,1,2,1,1,1,1,2,3,1,1,1,0,0,1,0,2,
1989,1990,1991,1992,1993,1994,1995,1996,1997,1998,1999,2000,2001,2002,2003,2004,2005,2006,2007,2008,2009,
1,2,4,2,1,1,2,1,2,0,5,5,5,4,4,0,0,1,1,0,2,
1987,1988,1989,1990,1991,1992,1993,1994,1995,1996,1997,1998,1999,2000,2001,2002,2003,2004,2005,2006,2007,
1,3,3,0,2,3,3,2,3,1,0,0,0,2,1,1,0,2,3,0,1,
1989,1990,1991,1992,1993,1994,1995,1996,1997,1998,1999,2000,2001,2002,2003,2004,2005,2006,2007,2008,2009,
3,2,7,4,5,1,4,1,1,2,3,2,5,3,4,1,2,0,2,0,6,
1988,1989,1990,1991,1992,1993,1994,1995,1996,1997,1998,1999,2000,2001,2002,2003,2004,2005,2006,2007,2008,
3,5,6,7,4,5,0,2,1,1,1,1,0,2,0,0,0,0,0,0,2,
1988,1989,1990,1991,1992,1993,1994,1995,1996,1997,1998,1999,2000,2001,2002,2003,2004,2005,2006,2007,2008,
1,1,1,0,0,1,0,0,0,1,0,0,2,0,3,1,1,1,0,3,1,
1988,1989,1990,1991,1992,1993,1994,1995,1996,1997,1998,1999,2000,2001,2002,2003,2004,2005,2006,2007,2008,
3,3,3,3,1,1,0,1,0,3,1,0,0,0,1,1,0,0,0,1,1,
1989,1990,1991,1992,1993,1994,1995,1996,1997,1998,1999,2000,2001,2002,2003,2004,2005,2006,2007,2008,2009,
1,0,1,2,0,0,0,0,1,0,2,1,3,0,0,1,1,0,0,1,4,
1988,1989,1990,1991,1992,1993,1994,1995,1996,1997,1998,1999,2000,2001,2002,2003,2004,2005,2006,2007,2008,
7,7,4,5,4,4,2,0,1,1,2,1,1,1,0,0,0,0,0,0,1,
1989,1990,1991,1992,1993,1994,1995,1996,1997,1998,1999,2000,2001,2002,2003,2004,2005,2006,2007,2008,2009,
1,0,1,0,1,0,2,0,0,0,0,0,2,0,0,2,2,1,2,1,3,
1989,1990,1991,1992,1993,1994,1995,1996,1997,1998,1999,2000,2001,2002,2003,2004,2005,2006,2007,2008,2009,
1,0,1,1,0,0,2,0,3,1,0,2,0,0,0,2,0,2,4,1,2,
1988,1989,1990,1991,1992,1993,1994,1995,1996,1997,1998,1999,2000,2001,2002,2003,2004,2005,2006,2007,2008,
15,16,7,18,7,15,9,13,6,4,1,4,3,7,3,1,0,1,0,0,1,
1989,1990,1991,1992,1993,1994,1995,1996,1997,1998,1999,2000,2001,2002,2003,2004,2005,2006,2007,2008,2009,
4,0,1,4,2,1,3,1,3,2,4,2,4,1,4,0,3,3,4,8,1,
1989,1990,1991,1992,1993,1994,1995,1996,1997,1998,1999,2000,2001,2002,2003,2004,2005,2006,2007,2008,2009,
1,0,1,3,0,0,2,3,4,1,4,2,5,3,3,2,2,2,2,2,1,
1989,1990,1991,1992,1993,1994,1995,1996,1997,1998,1999,2000,2001,2002,2003,2004,2005,2006,2007,2008,2009,
1,0,0,0,2,0,0,1,1,0,1,0,2,1,0,1,1,0,1,1,1,
1988,1989,1990,1991,1992,1993,1994,1995,1996,1997,1998,1999,2000,2001,2002,2003,2004,2005,2006,2007,2008,
2,1,1,0,0,2,0,0,0,0,1,2,0,3,0,1,0,0,2,1,2,
1980,1981,1982,1983,1984,1985,1986,1987,1988,1989,1990,1991,1992,1993,1994,1995,1996,1997,1998,1999,2000,
1,2,1,2,1,1,0,0,2,2,1,2,1,1,0,1,0,0,0,1,1,
1989,1990,1991,1992,1993,1994,1995,1996,1997,1998,1999,2000,2001,2002,2003,2004,2005,2006,2007,2008,2009,
1,0,0,0,1,0,0,1,1,0,0,4,1,5,2,0,0,0,1,1,2,
1984,1985,1986,1987,1988,1989,1990,1991,1992,1993,1994,1995,1996,1997,1998,1999,2000,2001,2002,2003,2004,
1,0,3,0,6,3,5,3,2,5,4,6,0,0,1,1,1,0,0,1,1,
1989,1990,1991,1992,1993,1994,1995,1996,1997,1998,1999,2000,2001,2002,2003,2004,2005,2006,2007,2008,2009,
5,1,2,1,2,3,1,2,2,1,0,1,0,1,0,0,1,0,0,0,1,
1989,1990,1991,1992,1993,1994,1995,1996,1997,1998,1999,2000,2001,2002,2003,2004,2005,2006,2007,2008,2009,
1,1,3,1,7,1,1,2,1,0,3,3,2,0,0,2,0,0,1,0,1,
1978,1979,1980,1981,1982,1983,1984,1985,1986,1987,1988,1989,1990,1991,1992,1993,1994,1995,1996,1997,1998,
1,8,4,1,8,3,7,0,1,1,1,1,1,2,2,0,1,0,0,0,1,
1972,1973,1974,1975,1976,1977,1978,1979,1980,1981,1982,1983,1984,1985,1986,1987,1988,1989,1990,1991,1992,
1,9,5,12,4,0,5,2,0,1,0,1,0,0,0,0,0,1,1,0,1,
1982,1983,1984,1985,1986,1987,1988,1989,1990,1991,1992,1993,1994,1995,1996,1997,1998,1999,2000,2001,2002,
1,5,5,3,3,2,3,11,3,1,2,1,0,1,0,0,0,0,0,2,1,
1989,1990,1991,1992,1993,1994,1995,1996,1997,1998,1999,2000,2001,2002,2003,2004,2005,2006,2007,2008,2009,
3,6,3,3,0,1,3,0,1,0,1,0,1,3,0,0,1,1,0,1,2,
1981,1982,1983,1984,1985,1986,1987,1988,1989,1990,1991,1992,1993,1994,1995,1996,1997,1998,1999,2000,2001,
1,4,2,3,1,4,0,2,0,1,1,1,0,0,0,0,0,0,1,0,1,
1986,1987,1988,1989,1990,1991,1992,1993,1994,1995,1996,1997,1998,1999,2000,2001,2002,2003,2004,2005,2006,
4,5,7,6,3,5,2,0,1,0,0,2,0,0,2,1,2,1,0,0,1,
1983,1984,1985,1986,1987,1988,1989,1990,1991,1992,1993,1994,1995,1996,1997,1998,1999,2000,2001,2002,2003,
4,2,1,5,2,2,2,1,3,2,1,0,0,0,2,1,0,1,1,0,1,
1970,1971,1972,1973,1974,1975,1976,1977,1978,1979,1980,1981,1982,1983,1984,1985,1986,1987,1988,1989,1990,
2,2,2,4,2,2,0,1,3,0,0,0,1,1,0,0,0,0,0,0,1,
1984,1985,1986,1987,1988,1989,1990,1991,1992,1993,1994,1995,1996,1997,1998,1999,2000,2001,2002,2003,2004,
1,2,2,2,2,2,5,4,0,2,0,1,0,1,1,0,0,0,2,0,1,
1989,1990,1991,1992,1993,1994,1995,1996,1997,1998,1999,2000,2001,2002,2003,2004,2005,2006,2007,2008,2009,
2,1,2,3,0,0,3,0,2,0,2,0,4,3,0,4,3,1,1,2,1,
1988,1989,1990,1991,1992,1993,1994,1995,1996,1997,1998,1999,2000,2001,2002,2003,2004,2005,2006,2007,2008,
1,2,0,1,0,1,1,0,2,0,1,1,0,1,2,2,0,1,1,2,1,
1968,1969,1970,1971,1972,1973,1974,1975,1976,1977,1978,1979,1980,1981,1982,1983,1984,1985,1986,1987,1988,
2,4,1,1,2,2,2,3,2,0,1,1,0,1,0,0,0,0,0,0,2,
1987,1988,1989,1990,1991,1992,1993,1994,1995,1996,1997,1998,1999,2000,2001,2002,2003,2004,2005,2006,2007,
3,1,3,2,4,2,1,0,0,0,0,1,0,1,1,1,0,0,1,1,1,
1988,1989,1990,1991,1992,1993,1994,1995,1996,1997,1998,1999,2000,2001,2002,2003,2004,2005,2006,2007,2008,
1,1,1,3,3,0,3,0,1,1,0,1,1,0,1,0,0,1,0,0,1,
1989,1990,1991,1992,1993,1994,1995,1996,1997,1998,1999,2000,2001,2002,2003,2004,2005,2006,2007,2008,2009,
1,2,2,2,2,1,3,1,1,0,0,1,0,1,0,0,1,1,0,0,1,
1988,1989,1990,1991,1992,1993,1994,1995,1996,1997,1998,1999,2000,2001,2002,2003,2004,2005,2006,2007,2008,
2,5,1,6,5,7,1,3,2,5,1,1,3,3,1,0,1,0,1,1,2,
1989,1990,1991,1992,1993,1994,1995,1996,1997,1998,1999,2000,2001,2002,2003,2004,2005,2006,2007,2008,2009,
2,2,1,2,6,1,4,0,0,1,1,0,3,0,0,0,0,0,0,0,2,
1989,1990,1991,1992,1993,1994,1995,1996,1997,1998,1999,2000,2001,2002,2003,2004,2005,2006,2007,2008,2009,
1,4,1,3,3,1,3,3,3,1,0,5,1,0,1,1,0,2,0,2,1,
1989,1990,1991,1992,1993,1994,1995,1996,1997,1998,1999,2000,2001,2002,2003,2004,2005,2006,2007,2008,2009,
2,2,8,3,11,5,11,5,17,2,13,13,18,13,14,7,9,9,13,6,11,
1989,1990,1991,1992,1993,1994,1995,1996,1997,1998,1999,2000,2001,2002,2003,2004,2005,2006,2007,2008,2009,
2,1,12,7,6,3,3,2,8,1,2,1,1,5,9,0,3,3,5,1,5,
1989,1990,1991,1992,1993,1994,1995,1996,1997,1998,1999,2000,2001,2002,2003,2004,2005,2006,2007,2008,2009,
2,1,7,5,8,0,3,2,6,4,6,9,13,12,20,9,12,14,16,24,18,
1989,1990,1991,1992,1993,1994,1995,1996,1997,1998,1999,2000,2001,2002,2003,2004,2005,2006,2007,2008,2009,
3,0,8,8,5,6,0,0,1,2,2,1,3,0,2,0,0,0,1,0,2,
1989,1990,1991,1992,1993,1994,1995,1996,1997,1998,1999,2000,2001,2002,2003,2004,2005,2006,2007,2008,2009,
1,2,3,2,2,1,3,3,4,2,1,2,2,1,1,0,0,0,0,1,2,
1988,1989,1990,1991,1992,1993,1994,1995,1996,1997,1998,1999,2000,2001,2002,2003,2004,2005,2006,2007,2008,
1,1,3,3,1,2,0,2,1,0,0,2,1,0,2,1,1,1,0,2,3,
1989,1990,1991,1992,1993,1994,1995,1996,1997,1998,1999,2000,2001,2002,2003,2004,2005,2006,2007,2008,2009,
3,3,3,2,9,8,9,4,7,4,2,5,6,2,5,2,2,1,1,3,1,
1988,1989,1990,1991,1992,1993,1994,1995,1996,1997,1998,1999,2000,2001,2002,2003,2004,2005,2006,2007,2008,
2,1,3,2,3,5,1,1,1,2,0,0,0,0,0,0,0,0,0,0,1,
1988,1989,1990,1991,1992,1993,1994,1995,1996,1997,1998,1999,2000,2001,2002,2003,2004,2005,2006,2007,2008,
1,1,1,1,0,0,0,1,1,3,0,0,1,0,2,1,0,2,4,1,1,
1989,1990,1991,1992,1993,1994,1995,1996,1997,1998,1999,2000,2001,2002,2003,2004,2005,2006,2007,2008,2009,
2,1,3,1,4,2,1,1,0,0,0,1,1,0,1,0,0,0,2,2,1,
1989,1990,1991,1992,1993,1994,1995,1996,1997,1998,1999,2000,2001,2002,2003,2004,2005,2006,2007,2008,2009,
1,0,2,3,4,3,3,0,1,0,0,0,4,2,2,1,0,2,2,2,1,
1989,1990,1991,1992,1993,1994,1995,1996,1997,1998,1999,2000,2001,2002,2003,2004,2005,2006,2007,2008,2009,
1,1,6,7,5,1,5,1,1,1,0,2,3,2,0,0,0,0,3,1,1,
1989,1990,1991,1992,1993,1994,1995,1996,1997,1998,1999,2000,2001,2002,2003,2004,2005,2006,2007,2008,2009,
4,0,3,1,4,0,3,2,0,1,2,2,3,8,3,0,1,2,1,1,3,
1989,1990,1991,1992,1993,1994,1995,1996,1997,1998,1999,2000,2001,2002,2003,2004,2005,2006,2007,2008,2009,
1,0,1,2,0,0,3,0,3,1,0,5,3,1,1,0,0,0,0,0,1,
1989,1990,1991,1992,1993,1994,1995,1996,1997,1998,1999,2000,2001,2002,2003,2004,2005,2006,2007,2008,2009,
2,2,4,5,3,4,4,1,0,0,0,2,3,4,0,0,1,1,1,3,2,
1989,1990,1991,1992,1993,1994,1995,1996,1997,1998,1999,2000,2001,2002,2003,2004,2005,2006,2007,2008,2009,
3,1,4,2,1,1,2,2,2,0,2,2,6,0,1,0,0,1,1,0,1,
1989,1990,1991,1992,1993,1994,1995,1996,1997,1998,1999,2000,2001,2002,2003,2004,2005,2006,2007,2008,2009,
1,0,0,2,2,0,3,1,2,3,3,2,5,2,2,2,0,0,1,2,1,
1989,1990,1991,1992,1993,1994,1995,1996,1997,1998,1999,2000,2001,2002,2003,2004,2005,2006,2007,2008,2009,
1,0,2,3,3,3,2,1,1,1,1,2,1,1,1,0,0,0,0,2,1,
1988,1989,1990,1991,1992,1993,1994,1995,1996,1997,1998,1999,2000,2001,2002,2003,2004,2005,2006,2007,2008,
1,0,1,5,3,2,1,0,0,1,0,0,1,0,2,1,0,0,0,0,1,
1988,1989,1990,1991,1992,1993,1994,1995,1996,1997,1998,1999,2000,2001,2002,2003,2004,2005,2006,2007,2008,
3,1,1,1,5,5,2,2,0,1,2,0,0,4,2,0,1,0,0,0,1,
1989,1990,1991,1992,1993,1994,1995,1996,1997,1998,1999,2000,2001,2002,2003,2004,2005,2006,2007,2008,2009,
4,1,5,3,5,0,0,1,1,3,1,2,1,1,2,0,0,1,1,1,2,
1989,1990,1991,1992,1993,1994,1995,1996,1997,1998,1999,2000,2001,2002,2003,2004,2005,2006,2007,2008,2009,
1,0,1,2,0,2,2,4,0,1,2,2,0,4,6,3,0,6,2,7,9,
1989,1990,1991,1992,1993,1994,1995,1996,1997,1998,1999,2000,2001,2002,2003,2004,2005,2006,2007,2008,2009,
3,7,1,3,1,0,3,1,2,1,1,0,0,0,1,0,1,0,4,2,3,
1989,1990,1991,1992,1993,1994,1995,1996,1997,1998,1999,2000,2001,2002,2003,2004,2005,2006,2007,2008,2009,
3,0,9,4,10,4,6,2,1,2,2,1,2,5,6,1,1,1,0,4,4,
1989,1990,1991,1992,1993,1994,1995,1996,1997,1998,1999,2000,2001,2002,2003,2004,2005,2006,2007,2008,2009,
1,2,8,1,1,4,3,3,4,2,0,1,4,5,2,2,2,0,0,3,1,
1989,1990,1991,1992,1993,1994,1995,1996,1997,1998,1999,2000,2001,2002,2003,2004,2005,2006,2007,2008,2009,
1,1,6,5,5,4,9,4,5,5,3,3,6,7,5,4,1,3,7,3,4,
1989,1990,1991,1992,1993,1994,1995,1996,1997,1998,1999,2000,2001,2002,2003,2004,2005,2006,2007,2008,2009,
4,7,9,4,2,2,3,1,2,1,0,1,1,1,0,0,0,0,2,0,1,
1989,1990,1991,1992,1993,1994,1995,1996,1997,1998,1999,2000,2001,2002,2003,2004,2005,2006,2007,2008,2009,
2,3,4,8,2,3,4,1,0,0,1,3,1,3,2,3,2,3,1,0,1,
1988,1989,1990,1991,1992,1993,1994,1995,1996,1997,1998,1999,2000,2001,2002,2003,2004,2005,2006,2007,2008,
1,2,0,2,1,2,2,0,0,1,0,0,0,0,0,1,2,1,0,1,1,
1989,1990,1991,1992,1993,1994,1995,1996,1997,1998,1999,2000,2001,2002,2003,2004,2005,2006,2007,2008,2009,
3,6,9,8,7,3,10,4,7,7,3,7,2,6,5,1,1,3,6,7,10,
1989,1990,1991,1992,1993,1994,1995,1996,1997,1998,1999,2000,2001,2002,2003,2004,2005,2006,2007,2008,2009,
1,1,2,2,4,0,0,0,1,0,0,1,0,1,2,0,1,0,1,0,1,
1989,1990,1991,1992,1993,1994,1995,1996,1997,1998,1999,2000,2001,2002,2003,2004,2005,2006,2007,2008,2009,
3,7,4,9,3,0,5,5,7,5,6,8,7,3,3,1,2,1,6,4,3,
1989,1990,1991,1992,1993,1994,1995,1996,1997,1998,1999,2000,2001,2002,2003,2004,2005,2006,2007,2008,2009,
1,0,4,0,1,1,0,1,3,1,0,0,0,0,0,2,2,2,2,2,3,
1989,1990,1991,1992,1993,1994,1995,1996,1997,1998,1999,2000,2001,2002,2003,2004,2005,2006,2007,2008,2009,
1,1,1,0,0,0,0,1,2,0,0,1,0,1,0,3,0,0,3,2,1,
1989,1990,1991,1992,1993,1994,1995,1996,1997,1998,1999,2000,2001,2002,2003,2004,2005,2006,2007,2008,2009,
4,1,2,1,1,2,2,0,1,0,0,0,1,1,1,0,0,1,1,0,2,
1988,1989,1990,1991,1992,1993,1994,1995,1996,1997,1998,1999,2000,2001,2002,2003,2004,2005,2006,2007,2008,
1,0,0,1,1,0,1,2,1,6,1,1,1,1,0,2,0,0,0,2,3,
1989,1990,1991,1992,1993,1994,1995,1996,1997,1998,1999,2000,2001,2002,2003,2004,2005,2006,2007,2008,2009,
1,4,13,9,6,0,5,2,2,2,0,3,6,1,2,6,1,1,0,3,3,
1988,1989,1990,1991,1992,1993,1994,1995,1996,1997,1998,1999,2000,2001,2002,2003,2004,2005,2006,2007,2008,
1,10,13,10,7,9,3,4,2,1,3,1,2,1,0,0,2,0,1,0,1,
1989,1990,1991,1992,1993,1994,1995,1996,1997,1998,1999,2000,2001,2002,2003,2004,2005,2006,2007,2008,2009,
1,2,2,0,1,2,0,0,0,1,1,0,0,2,3,1,1,1,0,1,4,
1989,1990,1991,1992,1993,1994,1995,1996,1997,1998,1999,2000,2001,2002,2003,2004,2005,2006,2007,2008,2009,
3,3,6,1,1,3,3,1,0,0,0,3,0,4,1,1,0,0,1,1,1,
1989,1990,1991,1992,1993,1994,1995,1996,1997,1998,1999,2000,2001,2002,2003,2004,2005,2006,2007,2008,2009,
1,0,2,2,4,0,0,2,5,4,0,1,5,5,2,3,2,6,2,2,6,
1989,1990,1991,1992,1993,1994,1995,1996,1997,1998,1999,2000,2001,2002,2003,2004,2005,2006,2007,2008,2009,
2,0,0,1,1,1,1,1,0,0,1,0,1,0,0,1,0,0,1,1,1,
1989,1990,1991,1992,1993,1994,1995,1996,1997,1998,1999,2000,2001,2002,2003,2004,2005,2006,2007,2008,2009,
1,1,11,4,15,1,5,6,5,1,0,1,1,2,2,1,1,0,1,0,1,
1989,1990,1991,1992,1993,1994,1995,1996,1997,1998,1999,2000,2001,2002,2003,2004,2005,2006,2007,2008,2009,
1,1,2,4,2,0,7,4,5,2,4,8,9,5,6,4,3,5,14,15,5,
1989,1990,1991,1992,1993,1994,1995,1996,1997,1998,1999,2000,2001,2002,2003,2004,2005,2006,2007,2008,2009,
3,7,11,6,5,6,5,5,6,5,3,8,8,8,9,1,4,1,9,3,2,
1990,1991,1992,1993,1994,1995,1996,1997,1998,1999,2000,2001,2002,2003,2004,2005,2006,2007,2008,2009,2010,
1,2,3,2,1,10,1,0,1,0,3,0,1,1,0,1,1,0,1,0,1,
1989,1990,1991,1992,1993,1994,1995,1996,1997,1998,1999,2000,2001,2002,2003,2004,2005,2006,2007,2008,2009,
2,7,7,7,2,2,4,1,2,0,0,0,1,0,1,0,1,0,0,0,1,
1989,1990,1991,1992,1993,1994,1995,1996,1997,1998,1999,2000,2001,2002,2003,2004,2005,2006,2007,2008,2009,
1,0,1,6,5,0,2,1,2,3,1,3,2,2,4,3,1,2,4,10,6,
1989,1990,1991,1992,1993,1994,1995,1996,1997,1998,1999,2000,2001,2002,2003,2004,2005,2006,2007,2008,2009,
1,3,10,13,9,6,6,4,3,2,3,1,1,0,1,1,1,0,1,1,1,
1989,1990,1991,1992,1993,1994,1995,1996,1997,1998,1999,2000,2001,2002,2003,2004,2005,2006,2007,2008,2009,
2,0,2,4,0,0,1,1,1,1,1,0,0,1,0,0,0,0,0,1,1,
1989,1990,1991,1992,1993,1994,1995,1996,1997,1998,1999,2000,2001,2002,2003,2004,2005,2006,2007,2008,2009,
1,1,1,0,0,1,0,1,2,0,2,2,5,2,4,2,4,2,2,4,5,
1989,1990,1991,1992,1993,1994,1995,1996,1997,1998,1999,2000,2001,2002,2003,2004,2005,2006,2007,2008,2009,
1,1,2,1,2,1,4,3,6,2,7,9,5,5,4,2,1,2,8,3,2,
1989,1990,1991,1992,1993,1994,1995,1996,1997,1998,1999,2000,2001,2002,2003,2004,2005,2006,2007,2008,2009,
1,0,4,3,2,0,0,0,0,0,0,1,3,0,2,1,0,1,1,1,3,
1989,1990,1991,1992,1993,1994,1995,1996,1997,1998,1999,2000,2001,2002,2003,2004,2005,2006,2007,2008,2009,
1,1,1,0,2,1,2,0,2,2,1,2,2,1,6,0,0,1,1,0,1,
1989,1990,1991,1992,1993,1994,1995,1996,1997,1998,1999,2000,2001,2002,2003,2004,2005,2006,2007,2008,2009,
1,1,1,1,0,3,2,0,4,0,0,0,2,0,0,0,0,0,1,2,1,
1989,1990,1991,1992,1993,1994,1995,1996,1997,1998,1999,2000,2001,2002,2003,2004,2005,2006,2007,2008,2009,
1,4,0,3,2,1,0,2,0,0,1,1,1,4,2,0,0,0,2,0,1,
1988,1989,1990,1991,1992,1993,1994,1995,1996,1997,1998,1999,2000,2001,2002,2003,2004,2005,2006,2007,2008,
1,3,4,1,1,1,1,1,0,4,1,0,1,0,3,2,0,2,0,1,1,
1990,1991,1992,1993,1994,1995,1996,1997,1998,1999,2000,2001,2002,2003,2004,2005,2006,2007,2008,2009,2010,
1,0,1,3,3,5,1,5,2,6,9,5,5,26,10,3,19,20,20,24,2,
1989,1990,1991,1992,1993,1994,1995,1996,1997,1998,1999,2000,2001,2002,2003,2004,2005,2006,2007,2008,2009,
7,4,6,3,3,2,4,1,4,2,3,3,3,3,1,1,4,0,1,2,2,
1989,1990,1991,1992,1993,1994,1995,1996,1997,1998,1999,2000,2001,2002,2003,2004,2005,2006,2007,2008,2009,
1,3,2,1,2,0,1,1,1,1,4,2,0,1,2,4,3,0,4,7,2,
1988,1989,1990,1991,1992,1993,1994,1995,1996,1997,1998,1999,2000,2001,2002,2003,2004,2005,2006,2007,2008,
1,9,5,6,3,4,2,4,1,2,0,0,0,1,1,0,1,0,1,0,1,
1989,1990,1991,1992,1993,1994,1995,1996,1997,1998,1999,2000,2001,2002,2003,2004,2005,2006,2007,2008,2009,
1,0,1,2,0,1,1,1,4,0,0,0,0,5,2,0,5,3,7,4,8,
1989,1990,1991,1992,1993,1994,1995,1996,1997,1998,1999,2000,2001,2002,2003,2004,2005,2006,2007,2008,2009,
1,1,3,2,0,2,1,1,1,0,0,2,1,0,0,0,0,0,0,1,2,
1989,1990,1991,1992,1993,1994,1995,1996,1997,1998,1999,2000,2001,2002,2003,2004,2005,2006,2007,2008,2009,
3,2,4,4,9,0,2,2,0,2,3,2,2,0,2,0,0,1,0,1,1,
1988,1989,1990,1991,1992,1993,1994,1995,1996,1997,1998,1999,2000,2001,2002,2003,2004,2005,2006,2007,2008,
2,2,0,1,2,2,1,1,0,1,0,0,1,0,0,0,0,1,0,0,1,
1989,1990,1991,1992,1993,1994,1995,1996,1997,1998,1999,2000,2001,2002,2003,2004,2005,2006,2007,2008,2009,
1,3,1,0,1,0,1,0,2,1,1,0,2,0,0,1,0,1,0,0,1,
1988,1989,1990,1991,1992,1993,1994,1995,1996,1997,1998,1999,2000,2001,2002,2003,2004,2005,2006,2007,2008,
1,6,3,5,5,4,2,3,2,1,1,0,1,0,2,0,0,0,0,0,1,
1989,1990,1991,1992,1993,1994,1995,1996,1997,1998,1999,2000,2001,2002,2003,2004,2005,2006,2007,2008,2009,
2,1,2,5,3,6,2,1,5,6,4,1,6,2,1,1,2,1,7,5,2,
1989,1990,1991,1992,1993,1994,1995,1996,1997,1998,1999,2000,2001,2002,2003,2004,2005,2006,2007,2008,2009,
2,4,5,1,8,1,7,1,8,2,7,2,7,5,4,3,6,0,3,3,2,
1989,1990,1991,1992,1993,1994,1995,1996,1997,1998,1999,2000,2001,2002,2003,2004,2005,2006,2007,2008,2009,
1,1,7,4,9,2,9,2,8,5,15,15,10,14,13,3,1,4,5,5,2,
1989,1990,1991,1992,1993,1994,1995,1996,1997,1998,1999,2000,2001,2002,2003,2004,2005,2006,2007,2008,2009,
4,1,0,1,0,0,1,1,1,0,2,0,1,0,0,1,1,0,1,2,2,
1989,1990,1991,1992,1993,1994,1995,1996,1997,1998,1999,2000,2001,2002,2003,2004,2005,2006,2007,2008,2009,
5,0,2,2,2,0,2,1,1,0,1,0,2,1,0,0,2,1,0,1,2,
1989,1990,1991,1992,1993,1994,1995,1996,1997,1998,1999,2000,2001,2002,2003,2004,2005,2006,2007,2008,2009,
2,1,8,3,3,0,10,2,9,11,6,11,8,10,8,7,6,7,8,9,4,
1989,1990,1991,1992,1993,1994,1995,1996,1997,1998,1999,2000,2001,2002,2003,2004,2005,2006,2007,2008,2009,
1,6,5,6,3,1,2,1,4,1,1,0,2,2,0,2,1,1,0,0,1,
1989,1990,1991,1992,1993,1994,1995,1996,1997,1998,1999,2000,2001,2002,2003,2004,2005,2006,2007,2008,2009,
1,0,4,2,0,0,2,0,1,1,1,2,2,8,2,3,4,9,8,5,3,
1989,1990,1991,1992,1993,1994,1995,1996,1997,1998,1999,2000,2001,2002,2003,2004,2005,2006,2007,2008,2009,
1,0,2,1,3,0,0,0,2,0,1,0,2,1,3,0,0,1,3,5,1,
1989,1990,1991,1992,1993,1994,1995,1996,1997,1998,1999,2000,2001,2002,2003,2004,2005,2006,2007,2008,2009,
1,1,3,6,3,0,2,0,1,1,1,0,4,0,3,1,0,0,1,0,2,
1989,1990,1991,1992,1993,1994,1995,1996,1997,1998,1999,2000,2001,2002,2003,2004,2005,2006,2007,2008,2009,
3,0,2,1,2,1,0,0,1,1,1,3,4,3,2,0,1,1,2,5,1,
1989,1990,1991,1992,1993,1994,1995,1996,1997,1998,1999,2000,2001,2002,2003,2004,2005,2006,2007,2008,2009,
2,7,7,9,8,5,4,3,2,4,2,2,1,2,1,0,0,1,1,4,1,
1989,1990,1991,1992,1993,1994,1995,1996,1997,1998,1999,2000,2001,2002,2003,2004,2005,2006,2007,2008,2009,
2,2,4,1,2,1,5,1,3,1,1,2,1,0,1,1,0,1,0,1,1,
1989,1990,1991,1992,1993,1994,1995,1996,1997,1998,1999,2000,2001,2002,2003,2004,2005,2006,2007,2008,2009,
1,0,0,3,2,0,3,0,1,0,2,1,0,0,1,0,0,2,2,1,4,
1989,1990,1991,1992,1993,1994,1995,1996,1997,1998,1999,2000,2001,2002,2003,2004,2005,2006,2007,2008,2009,
3,3,3,0,0,1,1,2,1,1,0,0,0,0,1,1,1,0,0,0,2,
1989,1990,1991,1992,1993,1994,1995,1996,1997,1998,1999,2000,2001,2002,2003,2004,2005,2006,2007,2008,2009,
1,0,1,0,0,0,0,0,0,1,1,1,1,1,2,1,1,1,1,0,2,
1988,1989,1990,1991,1992,1993,1994,1995,1996,1997,1998,1999,2000,2001,2002,2003,2004,2005,2006,2007,2008,
1,2,5,4,3,3,2,3,0,1,0,1,1,0,0,0,0,0,0,0,1,
1989,1990,1991,1992,1993,1994,1995,1996,1997,1998,1999,2000,2001,2002,2003,2004,2005,2006,2007,2008,2009,
1,2,2,1,2,1,1,0,0,0,0,1,1,1,0,0,0,0,0,0,1,
1989,1990,1991,1992,1993,1994,1995,1996,1997,1998,1999,2000,2001,2002,2003,2004,2005,2006,2007,2008,2009,
3,1,1,3,4,1,1,1,0,0,2,5,8,5,4,1,0,3,4,3,4,
1989,1990,1991,1992,1993,1994,1995,1996,1997,1998,1999,2000,2001,2002,2003,2004,2005,2006,2007,2008,2009,
3,2,4,5,2,3,4,1,1,1,0,1,2,2,1,3,1,3,5,1,3,
1989,1990,1991,1992,1993,1994,1995,1996,1997,1998,1999,2000,2001,2002,2003,2004,2005,2006,2007,2008,2009,
1,0,2,3,1,0,1,0,4,2,3,3,4,2,2,3,3,3,3,5,3,
1989,1990,1991,1992,1993,1994,1995,1996,1997,1998,1999,2000,2001,2002,2003,2004,2005,2006,2007,2008,2009,
1,8,2,6,2,3,8,1,1,1,1,1,2,1,0,1,0,1,0,0,1,
1989,1990,1991,1992,1993,1994,1995,1996,1997,1998,1999,2000,2001,2002,2003,2004,2005,2006,2007,2008,2009,
2,0,1,1,2,0,1,1,1,1,3,2,0,3,6,1,2,3,3,2,7,
1989,1990,1991,1992,1993,1994,1995,1996,1997,1998,1999,2000,2001,2002,2003,2004,2005,2006,2007,2008,2009,
1,1,2,0,2,0,0,0,3,0,2,2,0,4,1,1,0,0,4,2,3,
1989,1990,1991,1992,1993,1994,1995,1996,1997,1998,1999,2000,2001,2002,2003,2004,2005,2006,2007,2008,2009,
2,0,3,2,3,2,2,0,2,1,0,0,3,5,1,2,0,1,1,0,1,
1989,1990,1991,1992,1993,1994,1995,1996,1997,1998,1999,2000,2001,2002,2003,2004,2005,2006,2007,2008,2009,
2,2,2,1,0,0,0,0,0,2,1,1,0,2,1,2,2,1,2,2,1,
1989,1990,1991,1992,1993,1994,1995,1996,1997,1998,1999,2000,2001,2002,2003,2004,2005,2006,2007,2008,2009,
2,2,4,2,3,2,4,1,2,0,0,0,0,2,0,1,0,0,0,0,1,
1989,1990,1991,1992,1993,1994,1995,1996,1997,1998,1999,2000,2001,2002,2003,2004,2005,2006,2007,2008,2009,
2,4,10,2,4,3,5,1,2,1,0,4,6,8,3,1,2,0,2,2,1,
1989,1990,1991,1992,1993,1994,1995,1996,1997,1998,1999,2000,2001,2002,2003,2004,2005,2006,2007,2008,2009,
1,0,0,2,2,0,0,0,2,0,2,1,1,3,0,2,1,0,1,0,1,
1989,1990,1991,1992,1993,1994,1995,1996,1997,1998,1999,2000,2001,2002,2003,2004,2005,2006,2007,2008,2009,
1,1,8,4,6,2,3,3,0,2,3,2,0,0,4,2,1,1,1,1,2,
1989,1990,1991,1992,1993,1994,1995,1996,1997,1998,1999,2000,2001,2002,2003,2004,2005,2006,2007,2008,2009,
1,2,3,1,13,1,9,2,8,9,8,5,2,8,5,2,1,1,2,3,2,
1988,1989,1990,1991,1992,1993,1994,1995,1996,1997,1998,1999,2000,2001,2002,2003,2004,2005,2006,2007,2008,
1,2,2,2,1,1,0,2,0,0,1,0,1,3,0,0,1,1,0,1,1,
1989,1990,1991,1992,1993,1994,1995,1996,1997,1998,1999,2000,2001,2002,2003,2004,2005,2006,2007,2008,2009,
1,0,2,1,0,2,2,0,1,1,4,1,6,5,3,5,4,2,2,1,5,
1989,1990,1991,1992,1993,1994,1995,1996,1997,1998,1999,2000,2001,2002,2003,2004,2005,2006,2007,2008,2009,
2,4,6,1,2,2,4,1,4,1,3,2,1,6,5,6,6,5,4,3,2,
1988,1989,1990,1991,1992,1993,1994,1995,1996,1997,1998,1999,2000,2001,2002,2003,2004,2005,2006,2007,2008,
2,2,1,1,1,4,2,4,0,3,0,0,0,1,0,0,0,0,1,1,1,
1989,1990,1991,1992,1993,1994,1995,1996,1997,1998,1999,2000,2001,2002,2003,2004,2005,2006,2007,2008,2009,
1,3,2,3,3,4,1,2,2,2,3,5,2,1,4,1,1,1,3,3,4,
1989,1990,1991,1992,1993,1994,1995,1996,1997,1998,1999,2000,2001,2002,2003,2004,2005,2006,2007,2008,2009,
1,0,0,0,3,1,3,0,1,2,1,3,1,0,2,1,0,1,0,1,1,
1989,1990,1991,1992,1993,1994,1995,1996,1997,1998,1999,2000,2001,2002,2003,2004,2005,2006,2007,2008,2009,
3,1,3,6,5,3,4,1,3,2,6,2,2,1,0,0,0,0,0,0,1,
1987,1988,1989,1990,1991,1992,1993,1994,1995,1996,1997,1998,1999,2000,2001,2002,2003,2004,2005,2006,2007,
2,0,0,1,1,1,2,2,0,0,1,0,0,1,0,1,1,0,1,0,1,
1989,1990,1991,1992,1993,1994,1995,1996,1997,1998,1999,2000,2001,2002,2003,2004,2005,2006,2007,2008,2009,
1,0,0,2,2,0,2,0,2,4,7,9,8,13,12,12,6,4,7,16,15,
1989,1990,1991,1992,1993,1994,1995,1996,1997,1998,1999,2000,2001,2002,2003,2004,2005,2006,2007,2008,2009,
1,1,1,1,3,1,1,0,3,1,2,2,0,2,0,1,0,0,0,1,1,
1989,1990,1991,1992,1993,1994,1995,1996,1997,1998,1999,2000,2001,2002,2003,2004,2005,2006,2007,2008,2009,
1,0,0,0,1,0,1,0,0,1,0,2,1,2,2,0,0,1,3,3,1,
1985,1986,1987,1988,1989,1990,1991,1992,1993,1994,1995,1996,1997,1998,1999,2000,2001,2002,2003,2004,2005,
1,2,0,2,5,1,4,3,1,2,2,1,0,0,1,2,0,0,0,0,1,
1983,1984,1985,1986,1987,1988,1989,1990,1991,1992,1993,1994,1995,1996,1997,1998,1999,2000,2001,2002,2003,
3,1,0,0,0,4,6,1,4,2,1,0,1,0,2,2,1,2,3,1,2,
1981,1982,1983,1984,1985,1986,1987,1988,1989,1990,1991,1992,1993,1994,1995,1996,1997,1998,1999,2000,2001,
1,1,0,0,0,0,0,6,6,2,3,1,3,0,2,0,1,0,1,0,1,
1981,1982,1983,1984,1985,1986,1987,1988,1989,1990,1991,1992,1993,1994,1995,1996,1997,1998,1999,2000,2001,
2,0,1,1,1,0,0,0,0,1,1,1,0,0,0,1,1,0,0,1,1,
1985,1986,1987,1988,1989,1990,1991,1992,1993,1994,1995,1996,1997,1998,1999,2000,2001,2002,2003,2004,2005,
1,4,3,1,2,1,1,0,1,1,1,1,1,0,1,3,0,0,1,0,1,
1989,1990,1991,1992,1993,1994,1995,1996,1997,1998,1999,2000,2001,2002,2003,2004,2005,2006,2007,2008,2009,
1,1,1,1,1,1,1,0,0,0,0,0,0,1,2,0,0,1,0,0,1,
1989,1990,1991,1992,1993,1994,1995,1996,1997,1998,1999,2000,2001,2002,2003,2004,2005,2006,2007,2008,2009,
1,1,1,2,1,0,0,0,0,1,1,1,0,3,2,1,1,3,2,3,5,
1989,1990,1991,1992,1993,1994,1995,1996,1997,1998,1999,2000,2001,2002,2003,2004,2005,2006,2007,2008,2009,
1,0,0,0,0,0,0,0,1,0,1,0,1,1,1,5,2,1,4,6,8,
