1986,1987,1988,1989,1990,1991,1992,1993,1994,1995,1996,1997,1998,1999,2000,2001,2002,2003,2004,2005,2006,2007,2008,2009,
1,1,1,1,5,5,2,4,2,1,0,0,1,0,1,1,2,0,0,0,0,0,0,1,
1986,1987,1988,1989,1990,1991,1992,1993,1994,1995,1996,1997,1998,1999,2000,2001,2002,2003,2004,2005,2006,2007,2008,2009,
1,0,2,0,0,2,0,2,0,3,6,2,2,0,1,0,2,4,5,5,2,6,4,3,
1987,1988,1989,1990,1991,1992,1993,1994,1995,1996,1997,1998,1999,2000,2001,2002,2003,2004,2005,2006,2007,2008,2009,2010,
1,2,4,0,1,1,2,1,2,2,6,0,1,3,0,1,2,0,3,2,0,4,5,1,
1986,1987,1988,1989,1990,1991,1992,1993,1994,1995,1996,1997,1998,1999,2000,2001,2002,2003,2004,2005,2006,2007,2008,2009,
1,9,5,16,4,9,3,2,2,5,3,2,1,2,1,1,1,1,0,0,0,1,1,1,
1986,1987,1988,1989,1990,1991,1992,1993,1994,1995,1996,1997,1998,1999,2000,2001,2002,2003,2004,2005,2006,2007,2008,2009,
1,5,3,5,6,0,1,2,0,4,2,5,0,7,3,4,3,2,3,3,2,3,4,2,
1986,1987,1988,1989,1990,1991,1992,1993,1994,1995,1996,1997,1998,1999,2000,2001,2002,2003,2004,2005,2006,2007,2008,2009,
1,5,3,4,3,5,8,3,1,2,3,1,2,3,1,3,5,0,0,3,0,0,0,1,
1986,1987,1988,1989,1990,1991,1992,1993,1994,1995,1996,1997,1998,1999,2000,2001,2002,2003,2004,2005,2006,2007,2008,2009,
1,2,10,8,10,12,3,8,1,3,0,0,1,0,0,1,3,0,1,0,0,0,0,1,
1986,1987,1988,1989,1990,1991,1992,1993,1994,1995,1996,1997,1998,1999,2000,2001,2002,2003,2004,2005,2006,2007,2008,2009,
1,2,4,2,2,3,0,2,2,2,0,6,1,7,5,6,3,2,2,5,6,7,4,4,
1986,1987,1988,1989,1990,1991,1992,1993,1994,1995,1996,1997,1998,1999,2000,2001,2002,2003,2004,2005,2006,2007,2008,2009,
1,0,1,3,0,1,1,1,1,2,0,2,1,2,2,2,3,1,2,1,1,2,5,1,
1986,1987,1988,1989,1990,1991,1992,1993,1994,1995,1996,1997,1998,1999,2000,2001,2002,2003,2004,2005,2006,2007,2008,2009,
2,1,7,2,1,2,2,1,1,1,2,2,0,0,0,0,0,0,0,0,1,2,1,2,
1986,1987,1988,1989,1990,1991,1992,1993,1994,1995,1996,1997,1998,1999,2000,2001,2002,2003,2004,2005,2006,2007,2008,2009,
1,3,3,2,6,4,1,1,5,3,0,5,1,2,4,2,0,3,1,0,2,1,0,1,
1985,1986,1987,1988,1989,1990,1991,1992,1993,1994,1995,1996,1997,1998,1999,2000,2001,2002,2003,2004,2005,2006,2007,2008,
1,2,4,4,2,3,2,1,2,1,0,0,0,1,2,2,0,0,0,0,0,1,0,1,
1985,1986,1987,1988,1989,1990,1991,1992,1993,1994,1995,1996,1997,1998,1999,2000,2001,2002,2003,2004,2005,2006,2007,2008,
1,3,5,4,1,1,3,0,0,1,1,0,0,0,2,0,1,0,1,0,0,0,0,1,
1984,1985,1986,1987,1988,1989,1990,1991,1992,1993,1994,1995,1996,1997,1998,1999,2000,2001,2002,2003,2004,2005,2006,2007,
1,2,3,1,0,1,4,3,1,1,0,1,0,1,0,0,0,0,1,0,2,0,1,1,
1986,1987,1988,1989,1990,1991,1992,1993,1994,1995,1996,1997,1998,1999,2000,2001,2002,2003,2004,2005,2006,2007,2008,2009,
1,0,5,5,1,8,0,2,0,2,0,2,1,1,2,4,1,2,0,1,0,0,2,1,
1986,1987,1988,1989,1990,1991,1992,1993,1994,1995,1996,1997,1998,1999,2000,2001,2002,2003,2004,2005,2006,2007,2008,2009,
2,4,1,2,2,1,1,2,1,0,0,6,3,6,3,1,3,2,3,2,0,3,2,4,
1986,1987,1988,1989,1990,1991,1992,1993,1994,1995,1996,1997,1998,1999,2000,2001,2002,2003,2004,2005,2006,2007,2008,2009,
5,4,6,3,4,6,3,4,3,6,1,1,1,0,1,3,4,0,0,1,2,1,1,3,
1986,1987,1988,1989,1990,1991,1992,1993,1994,1995,1996,1997,1998,1999,2000,2001,2002,2003,2004,2005,2006,2007,2008,2009,
1,1,10,14,3,6,1,7,0,2,2,5,1,0,4,6,2,2,0,0,1,0,2,3,
1986,1987,1988,1989,1990,1991,1992,1993,1994,1995,1996,1997,1998,1999,2000,2001,2002,2003,2004,2005,2006,2007,2008,2009,
1,1,3,1,2,1,0,2,0,2,3,1,0,0,2,1,4,1,0,2,0,1,2,4,
1987,1988,1989,1990,1991,1992,1993,1994,1995,1996,1997,1998,1999,2000,2001,2002,2003,2004,2005,2006,2007,2008,2009,2010,
1,6,8,5,13,12,15,6,13,6,17,12,7,18,27,23,19,2,12,14,16,13,22,1,
1986,1987,1988,1989,1990,1991,1992,1993,1994,1995,1996,1997,1998,1999,2000,2001,2002,2003,2004,2005,2006,2007,2008,2009,
1,1,1,3,3,4,1,4,0,3,1,3,0,1,1,0,0,0,0,0,0,0,0,1,
1985,1986,1987,1988,1989,1990,1991,1992,1993,1994,1995,1996,1997,1998,1999,2000,2001,2002,2003,2004,2005,2006,2007,2008,
1,0,0,1,1,2,1,1,2,2,2,1,0,0,0,1,0,1,0,0,0,0,0,1,
1984,1985,1986,1987,1988,1989,1990,1991,1992,1993,1994,1995,1996,1997,1998,1999,2000,2001,2002,2003,2004,2005,2006,2007,
1,0,8,14,22,22,6,12,12,7,4,5,0,2,0,0,0,0,1,1,0,0,0,1,
1986,1987,1988,1989,1990,1991,1992,1993,1994,1995,1996,1997,1998,1999,2000,2001,2002,2003,2004,2005,2006,2007,2008,2009,
1,1,3,3,3,9,1,11,0,3,0,0,0,1,0,2,2,0,0,0,0,0,0,1,
1986,1987,1988,1989,1990,1991,1992,1993,1994,1995,1996,1997,1998,1999,2000,2001,2002,2003,2004,2005,2006,2007,2008,2009,
2,16,24,36,25,39,12,19,13,11,4,3,2,1,3,2,2,0,0,0,1,0,2,1,
1986,1987,1988,1989,1990,1991,1992,1993,1994,1995,1996,1997,1998,1999,2000,2001,2002,2003,2004,2005,2006,2007,2008,2009,
1,0,1,1,2,0,0,2,0,0,0,3,1,1,2,0,2,2,1,2,1,0,1,1,
1986,1987,1988,1989,1990,1991,1992,1993,1994,1995,1996,1997,1998,1999,2000,2001,2002,2003,2004,2005,2006,2007,2008,2009,
1,1,5,8,6,9,3,3,3,4,1,1,0,0,1,1,3,2,0,3,2,1,0,3,
1986,1987,1988,1989,1990,1991,1992,1993,1994,1995,1996,1997,1998,1999,2000,2001,2002,2003,2004,2005,2006,2007,2008,2009,
1,2,5,7,3,1,1,1,0,2,1,3,1,2,1,3,2,2,0,0,2,3,2,4,
1987,1988,1989,1990,1991,1992,1993,1994,1995,1996,1997,1998,1999,2000,2001,2002,2003,2004,2005,2006,2007,2008,2009,2010,
2,2,1,5,11,4,9,3,5,1,1,4,2,1,2,1,0,1,1,1,2,1,0,1,
1986,1987,1988,1989,1990,1991,1992,1993,1994,1995,1996,1997,1998,1999,2000,2001,2002,2003,2004,2005,2006,2007,2008,2009,
1,2,0,0,1,4,3,0,1,1,0,2,0,2,1,0,0,2,1,1,1,2,2,1,
1986,1987,1988,1989,1990,1991,1992,1993,1994,1995,1996,1997,1998,1999,2000,2001,2002,2003,2004,2005,2006,2007,2008,2009,
4,1,5,3,1,3,1,0,1,0,1,2,0,1,0,2,0,0,0,0,0,0,0,1,
1986,1987,1988,1989,1990,1991,1992,1993,1994,1995,1996,1997,1998,1999,2000,2001,2002,2003,2004,2005,2006,2007,2008,2009,
1,3,0,10,0,17,0,0,0,2,1,1,0,0,0,1,0,5,0,0,1,1,1,2,
1986,1987,1988,1989,1990,1991,1992,1993,1994,1995,1996,1997,1998,1999,2000,2001,2002,2003,2004,2005,2006,2007,2008,2009,
1,5,4,7,5,1,5,1,1,5,0,3,0,2,2,2,1,1,0,2,0,2,3,1,
1986,1987,1988,1989,1990,1991,1992,1993,1994,1995,1996,1997,1998,1999,2000,2001,2002,2003,2004,2005,2006,2007,2008,2009,
1,5,11,9,1,13,7,10,3,11,3,6,3,7,1,6,2,1,1,0,0,2,4,4,
1986,1987,1988,1989,1990,1991,1992,1993,1994,1995,1996,1997,1998,1999,2000,2001,2002,2003,2004,2005,2006,2007,2008,2009,
1,1,2,2,0,3,3,2,1,4,2,5,0,6,2,6,4,0,2,5,5,12,7,5,
1986,1987,1988,1989,1990,1991,1992,1993,1994,1995,1996,1997,1998,1999,2000,2001,2002,2003,2004,2005,2006,2007,2008,2009,
3,1,2,5,1,2,1,2,1,0,0,2,0,1,1,0,5,0,0,0,1,0,1,1,
1985,1986,1987,1988,1989,1990,1991,1992,1993,1994,1995,1996,1997,1998,1999,2000,2001,2002,2003,2004,2005,2006,2007,2008,
1,3,3,0,2,1,5,3,1,13,10,10,9,4,6,13,5,8,2,3,6,2,5,3,
1986,1987,1988,1989,1990,1991,1992,1993,1994,1995,1996,1997,1998,1999,2000,2001,2002,2003,2004,2005,2006,2007,2008,2009,
7,9,12,7,3,4,2,1,3,2,1,1,0,0,2,1,4,0,0,0,0,0,3,1,
1985,1986,1987,1988,1989,1990,1991,1992,1993,1994,1995,1996,1997,1998,1999,2000,2001,2002,2003,2004,2005,2006,2007,2008,
3,0,3,2,2,1,1,1,1,0,0,1,1,1,0,4,1,2,0,0,0,0,0,1,
1986,1987,1988,1989,1990,1991,1992,1993,1994,1995,1996,1997,1998,1999,2000,2001,2002,2003,2004,2005,2006,2007,2008,2009,
1,0,6,10,2,12,8,15,2,18,6,6,7,2,9,14,16,9,6,13,1,10,9,5,
1986,1987,1988,1989,1990,1991,1992,1993,1994,1995,1996,1997,1998,1999,2000,2001,2002,2003,2004,2005,2006,2007,2008,2009,
1,1,6,11,10,7,4,4,4,3,2,0,0,1,2,1,0,0,0,1,0,0,0,2,
1986,1987,1988,1989,1990,1991,1992,1993,1994,1995,1996,1997,1998,1999,2000,2001,2002,2003,2004,2005,2006,2007,2008,2009,
2,2,5,4,2,9,7,6,1,4,0,0,1,8,6,8,11,11,3,3,4,21,8,9,
1986,1987,1988,1989,1990,1991,1992,1993,1994,1995,1996,1997,1998,1999,2000,2001,2002,2003,2004,2005,2006,2007,2008,2009,
3,1,0,2,1,1,1,0,0,1,1,0,1,2,3,3,2,5,2,3,2,0,0,1,
1986,1987,1988,1989,1990,1991,1992,1993,1994,1995,1996,1997,1998,1999,2000,2001,2002,2003,2004,2005,2006,2007,2008,2009,
1,5,13,18,9,17,13,18,4,10,4,7,2,6,2,2,10,4,1,3,3,4,2,3,
1986,1987,1988,1989,1990,1991,1992,1993,1994,1995,1996,1997,1998,1999,2000,2001,2002,2003,2004,2005,2006,2007,2008,2009,
1,20,17,20,11,5,8,4,7,6,7,1,0,1,4,3,0,4,0,0,0,1,1,2,
1986,1987,1988,1989,1990,1991,1992,1993,1994,1995,1996,1997,1998,1999,2000,2001,2002,2003,2004,2005,2006,2007,2008,2009,
1,2,2,4,1,1,2,2,0,1,0,0,0,0,3,0,0,1,2,0,0,1,1,2,
1986,1987,1988,1989,1990,1991,1992,1993,1994,1995,1996,1997,1998,1999,2000,2001,2002,2003,2004,2005,2006,2007,2008,2009,
1,1,0,0,0,1,1,0,2,0,1,1,0,2,0,2,0,1,1,0,3,1,0,1,
1986,1987,1988,1989,1990,1991,1992,1993,1994,1995,1996,1997,1998,1999,2000,2001,2002,2003,2004,2005,2006,2007,2008,2009,
2,1,2,4,2,7,5,3,4,6,2,9,2,2,3,6,3,2,0,4,2,0,1,1,
1986,1987,1988,1989,1990,1991,1992,1993,1994,1995,1996,1997,1998,1999,2000,2001,2002,2003,2004,2005,2006,2007,2008,2009,
1,2,7,0,2,4,3,1,0,2,1,0,1,1,1,1,2,1,0,2,2,0,0,1,
1986,1987,1988,1989,1990,1991,1992,1993,1994,1995,1996,1997,1998,1999,2000,2001,2002,2003,2004,2005,2006,2007,2008,2009,
2,1,2,4,4,8,9,30,4,8,2,19,10,13,5,7,12,9,5,9,7,3,8,6,
1986,1987,1988,1989,1990,1991,1992,1993,1994,1995,1996,1997,1998,1999,2000,2001,2002,2003,2004,2005,2006,2007,2008,2009,
1,0,2,2,0,3,1,1,1,3,0,2,0,4,1,0,2,0,1,0,2,3,2,4,
1986,1987,1988,1989,1990,1991,1992,1993,1994,1995,1996,1997,1998,1999,2000,2001,2002,2003,2004,2005,2006,2007,2008,2009,
1,7,4,5,9,4,5,1,1,4,1,5,1,6,3,0,13,4,0,3,2,3,2,6,
1986,1987,1988,1989,1990,1991,1992,1993,1994,1995,1996,1997,1998,1999,2000,2001,2002,2003,2004,2005,2006,2007,2008,2009,
2,1,4,2,2,3,4,3,4,2,0,1,3,2,3,1,3,5,4,2,1,9,5,2,
1986,1987,1988,1989,1990,1991,1992,1993,1994,1995,1996,1997,1998,1999,2000,2001,2002,2003,2004,2005,2006,2007,2008,2009,
1,0,1,1,6,3,1,3,0,2,0,4,2,1,3,5,1,3,3,9,1,12,9,5,
1985,1986,1987,1988,1989,1990,1991,1992,1993,1994,1995,1996,1997,1998,1999,2000,2001,2002,2003,2004,2005,2006,2007,2008,
3,5,6,4,12,4,4,4,4,1,2,1,0,0,1,1,0,0,1,0,0,0,0,1,
1983,1984,1985,1986,1987,1988,1989,1990,1991,1992,1993,1994,1995,1996,1997,1998,1999,2000,2001,2002,2003,2004,2005,2006,
4,9,5,7,12,16,11,3,5,4,4,2,3,0,1,1,0,1,1,2,1,0,0,1,
1986,1987,1988,1989,1990,1991,1992,1993,1994,1995,1996,1997,1998,1999,2000,2001,2002,2003,2004,2005,2006,2007,2008,2009,
1,2,2,3,5,4,5,4,6,5,10,3,2,5,3,2,1,1,1,0,0,2,3,2,
1986,1987,1988,1989,1990,1991,1992,1993,1994,1995,1996,1997,1998,1999,2000,2001,2002,2003,2004,2005,2006,2007,2008,2009,
2,6,5,12,2,14,5,4,1,3,1,6,2,3,6,3,6,5,1,3,1,4,2,1,
1986,1987,1988,1989,1990,1991,1992,1993,1994,1995,1996,1997,1998,1999,2000,2001,2002,2003,2004,2005,2006,2007,2008,2009,
1,1,7,14,5,5,5,10,7,4,2,3,0,3,0,1,1,0,0,0,0,0,1,1,
1986,1987,1988,1989,1990,1991,1992,1993,1994,1995,1996,1997,1998,1999,2000,2001,2002,2003,2004,2005,2006,2007,2008,2009,
1,0,3,5,5,2,2,3,1,2,0,4,3,2,0,3,3,2,0,1,0,2,0,2,
1986,1987,1988,1989,1990,1991,1992,1993,1994,1995,1996,1997,1998,1999,2000,2001,2002,2003,2004,2005,2006,2007,2008,2009,
3,0,3,9,4,2,2,1,0,0,0,1,0,2,0,1,1,0,1,1,1,0,0,1,
1986,1987,1988,1989,1990,1991,1992,1993,1994,1995,1996,1997,1998,1999,2000,2001,2002,2003,2004,2005,2006,2007,2008,2009,
1,5,3,5,5,3,2,0,0,2,1,3,0,1,1,1,1,0,1,1,0,1,0,3,
1986,1987,1988,1989,1990,1991,1992,1993,1994,1995,1996,1997,1998,1999,2000,2001,2002,2003,2004,2005,2006,2007,2008,2009,
4,1,3,2,1,1,1,1,2,2,0,0,0,1,0,3,2,1,2,2,2,2,1,4,
1984,1985,1986,1987,1988,1989,1990,1991,1992,1993,1994,1995,1996,1997,1998,1999,2000,2001,2002,2003,2004,2005,2006,2007,
1,1,1,3,0,2,1,0,2,2,1,0,0,0,0,0,1,0,2,2,0,0,0,2,
1986,1987,1988,1989,1990,1991,1992,1993,1994,1995,1996,1997,1998,1999,2000,2001,2002,2003,2004,2005,2006,2007,2008,2009,
1,1,1,1,2,0,1,1,0,2,1,2,4,2,0,6,3,4,0,2,0,5,2,2,
1986,1987,1988,1989,1990,1991,1992,1993,1994,1995,1996,1997,1998,1999,2000,2001,2002,2003,2004,2005,2006,2007,2008,2009,
1,0,0,2,2,2,1,1,1,0,0,0,0,0,0,1,3,0,0,0,1,2,5,3,
1986,1987,1988,1989,1990,1991,1992,1993,1994,1995,1996,1997,1998,1999,2000,2001,2002,2003,2004,2005,2006,2007,2008,2009,
1,17,12,12,10,13,7,4,4,1,1,1,0,1,4,1,3,1,0,0,0,1,0,1,
1986,1987,1988,1989,1990,1991,1992,1993,1994,1995,1996,1997,1998,1999,2000,2001,2002,2003,2004,2005,2006,2007,2008,2009,
2,2,1,4,2,1,0,4,3,0,1,0,0,0,0,1,1,0,1,1,0,0,0,2,
1986,1987,1988,1989,1990,1991,1992,1993,1994,1995,1996,1997,1998,1999,2000,2001,2002,2003,2004,2005,2006,2007,2008,2009,
3,4,4,1,1,2,0,1,0,2,0,1,0,0,1,0,2,3,0,0,1,2,0,1,
1986,1987,1988,1989,1990,1991,1992,1993,1994,1995,1996,1997,1998,1999,2000,2001,2002,2003,2004,2005,2006,2007,2008,2009,
2,3,24,20,7,12,5,13,3,8,5,3,5,3,6,10,9,4,2,1,1,5,3,8,
1986,1987,1988,1989,1990,1991,1992,1993,1994,1995,1996,1997,1998,1999,2000,2001,2002,2003,2004,2005,2006,2007,2008,2009,
1,0,4,3,4,6,4,4,3,3,1,12,5,11,14,10,18,17,0,12,7,12,16,9,
1986,1987,1988,1989,1990,1991,1992,1993,1994,1995,1996,1997,1998,1999,2000,2001,2002,2003,2004,2005,2006,2007,2008,2009,
1,9,14,15,19,19,6,9,4,6,6,3,4,1,0,3,2,2,0,1,0,1,0,1,
1986,1987,1988,1989,1990,1991,1992,1993,1994,1995,1996,1997,1998,1999,2000,2001,2002,2003,2004,2005,2006,2007,2008,2009,
1,4,6,7,1,8,1,2,2,9,7,7,6,1,5,2,1,3,0,1,1,4,3,3,
1986,1987,1988,1989,1990,1991,1992,1993,1994,1995,1996,1997,1998,1999,2000,2001,2002,2003,2004,2005,2006,2007,2008,2009,
2,3,3,5,6,5,5,3,6,2,1,1,2,0,0,0,0,0,1,1,0,1,0,3,
1986,1987,1988,1989,1990,1991,1992,1993,1994,1995,1996,1997,1998,1999,2000,2001,2002,2003,2004,2005,2006,2007,2008,2009,
1,0,0,1,2,8,5,2,0,1,3,4,2,0,6,6,3,1,2,1,0,2,1,3,
1979,1980,1981,1982,1983,1984,1985,1986,1987,1988,1989,1990,1991,1992,1993,1994,1995,1996,1997,1998,1999,2000,2001,2002,
1,0,4,3,2,4,3,1,0,3,4,3,6,1,3,0,3,0,0,0,1,1,0,1,
1984,1985,1986,1987,1988,1989,1990,1991,1992,1993,1994,1995,1996,1997,1998,1999,2000,2001,2002,2003,2004,2005,2006,2007,
1,0,2,5,3,2,0,3,0,1,3,0,1,1,1,0,2,0,0,2,1,0,0,1,
1986,1987,1988,1989,1990,1991,1992,1993,1994,1995,1996,1997,1998,1999,2000,2001,2002,2003,2004,2005,2006,2007,2008,2009,
1,1,1,3,0,0,1,0,0,1,0,1,1,0,1,0,1,0,0,0,3,1,1,2,
1986,1987,1988,1989,1990,1991,1992,1993,1994,1995,1996,1997,1998,1999,2000,2001,2002,2003,2004,2005,2006,2007,2008,2009,
2,1,4,1,1,1,1,0,0,0,0,1,0,1,0,0,3,0,1,1,0,2,1,1,
1978,1979,1980,1981,1982,1983,1984,1985,1986,1987,1988,1989,1990,1991,1992,1993,1994,1995,1996,1997,1998,1999,2000,2001,
2,0,5,0,1,2,1,0,1,2,1,1,1,2,0,0,0,0,0,0,0,1,0,1,
1986,1987,1988,1989,1990,1991,1992,1993,1994,1995,1996,1997,1998,1999,2000,2001,2002,2003,2004,2005,2006,2007,2008,2009,
2,4,9,10,7,7,3,6,4,3,1,1,2,2,1,3,1,1,0,0,0,1,0,1,
1985,1986,1987,1988,1989,1990,1991,1992,1993,1994,1995,1996,1997,1998,1999,2000,2001,2002,2003,2004,2005,2006,2007,2008,
2,13,10,9,7,9,4,9,8,2,2,1,2,1,2,2,0,0,1,0,0,0,0,2,
1985,1986,1987,1988,1989,1990,1991,1992,1993,1994,1995,1996,1997,1998,1999,2000,2001,2002,2003,2004,2005,2006,2007,2008,
1,0,0,2,1,0,1,1,0,0,3,0,2,0,1,4,3,1,0,0,1,0,0,3,
1981,1982,1983,1984,1985,1986,1987,1988,1989,1990,1991,1992,1993,1994,1995,1996,1997,1998,1999,2000,2001,2002,2003,2004,
3,1,6,9,1,3,4,2,1,5,4,1,1,0,0,0,1,0,0,0,1,0,2,1,
1986,1987,1988,1989,1990,1991,1992,1993,1994,1995,1996,1997,1998,1999,2000,2001,2002,2003,2004,2005,2006,2007,2008,2009,
1,0,0,1,1,1,0,3,1,9,1,3,2,2,6,3,3,1,1,1,1,2,0,1,
1969,1970,1971,1972,1973,1974,1975,1976,1977,1978,1979,1980,1981,1982,1983,1984,1985,1986,1987,1988,1989,1990,1991,1992,
1,6,2,2,2,2,1,0,1,1,0,0,0,0,1,1,0,0,0,0,0,1,0,1,
1986,1987,1988,1989,1990,1991,1992,1993,1994,1995,1996,1997,1998,1999,2000,2001,2002,2003,2004,2005,2006,2007,2008,2009,
1,1,3,2,1,1,3,8,0,2,3,2,3,3,1,3,4,3,3,1,0,2,0,4,
1986,1987,1988,1989,1990,1991,1992,1993,1994,1995,1996,1997,1998,1999,2000,2001,2002,2003,2004,2005,2006,2007,2008,2009,
1,0,0,1,0,1,0,2,1,0,0,1,1,1,0,3,4,0,1,1,2,0,0,1,
1985,1986,1987,1988,1989,1990,1991,1992,1993,1994,1995,1996,1997,1998,1999,2000,2001,2002,2003,2004,2005,2006,2007,2008,
1,0,0,1,2,1,3,5,2,3,3,2,5,3,0,3,1,1,0,0,1,0,0,1,
1986,1987,1988,1989,1990,1991,1992,1993,1994,1995,1996,1997,1998,1999,2000,2001,2002,2003,2004,2005,2006,2007,2008,2009,
1,0,0,0,1,4,3,0,2,1,0,0,0,0,0,1,2,0,2,1,0,2,1,1,
1986,1987,1988,1989,1990,1991,1992,1993,1994,1995,1996,1997,1998,1999,2000,2001,2002,2003,2004,2005,2006,2007,2008,2009,
1,1,1,4,3,8,10,13,5,11,4,7,4,6,7,5,8,4,4,3,5,9,3,3,
1986,1987,1988,1989,1990,1991,1992,1993,1994,1995,1996,1997,1998,1999,2000,2001,2002,2003,2004,2005,2006,2007,2008,2009,
1,2,12,11,7,13,8,6,4,6,3,6,5,3,5,12,12,14,7,4,4,6,8,14,
1986,1987,1988,1989,1990,1991,1992,1993,1994,1995,1996,1997,1998,1999,2000,2001,2002,2003,2004,2005,2006,2007,2008,2009,
1,0,5,6,2,16,12,7,7,8,6,14,18,9,5,14,12,17,5,15,11,15,22,21,
1984,1985,1986,1987,1988,1989,1990,1991,1992,1993,1994,1995,1996,1997,1998,1999,2000,2001,2002,2003,2004,2005,2006,2007,
2,0,9,8,4,4,1,3,3,1,1,4,3,6,1,4,5,6,4,4,0,2,0,1,
1979,1980,1981,1982,1983,1984,1985,1986,1987,1988,1989,1990,1991,1992,1993,1994,1995,1996,1997,1998,1999,2000,2001,2002,
1,3,3,0,2,2,1,2,1,2,0,0,0,0,0,1,1,0,1,0,0,0,0,1,
1986,1987,1988,1989,1990,1991,1992,1993,1994,1995,1996,1997,1998,1999,2000,2001,2002,2003,2004,2005,2006,2007,2008,2009,
4,1,2,0,5,2,3,1,0,0,0,6,1,1,2,1,1,1,2,3,0,1,1,1,
1983,1984,1985,1986,1987,1988,1989,1990,1991,1992,1993,1994,1995,1996,1997,1998,1999,2000,2001,2002,2003,2004,2005,2006,
3,3,5,8,9,7,8,2,7,3,1,1,2,0,0,0,0,0,0,0,0,0,0,1,
1981,1982,1983,1984,1985,1986,1987,1988,1989,1990,1991,1992,1993,1994,1995,1996,1997,1998,1999,2000,2001,2002,2003,2004,
1,1,3,2,0,3,4,6,1,0,7,1,1,0,2,1,5,0,2,2,1,1,0,1,
1985,1986,1987,1988,1989,1990,1991,1992,1993,1994,1995,1996,1997,1998,1999,2000,2001,2002,2003,2004,2005,2006,2007,2008,
1,1,1,4,2,1,1,0,3,0,0,0,0,0,1,1,5,0,0,0,0,2,1,3,
1986,1987,1988,1989,1990,1991,1992,1993,1994,1995,1996,1997,1998,1999,2000,2001,2002,2003,2004,2005,2006,2007,2008,2009,
3,2,1,2,4,2,4,1,0,1,0,0,1,1,0,0,0,0,0,0,1,0,0,1,
1984,1985,1986,1987,1988,1989,1990,1991,1992,1993,1994,1995,1996,1997,1998,1999,2000,2001,2002,2003,2004,2005,2006,2007,
2,0,6,9,9,7,6,1,4,2,1,1,0,1,1,1,0,0,0,0,0,0,0,1,
1986,1987,1988,1989,1990,1991,1992,1993,1994,1995,1996,1997,1998,1999,2000,2001,2002,2003,2004,2005,2006,2007,2008,2009,
6,5,1,3,0,2,1,0,0,1,0,1,0,5,3,0,1,0,2,1,0,1,4,2,
1982,1983,1984,1985,1986,1987,1988,1989,1990,1991,1992,1993,1994,1995,1996,1997,1998,1999,2000,2001,2002,2003,2004,2005,
4,8,1,4,7,9,4,3,2,3,1,1,1,2,0,1,0,0,1,0,1,0,0,1,
1986,1987,1988,1989,1990,1991,1992,1993,1994,1995,1996,1997,1998,1999,2000,2001,2002,2003,2004,2005,2006,2007,2008,2009,
2,0,2,2,0,0,2,1,0,1,0,3,0,0,1,3,1,1,2,0,0,0,1,2,
1986,1987,1988,1989,1990,1991,1992,1993,1994,1995,1996,1997,1998,1999,2000,2001,2002,2003,2004,2005,2006,2007,2008,2009,
2,3,1,4,4,3,6,3,1,1,0,2,1,2,3,4,3,1,1,3,2,5,1,1,
1982,1983,1984,1985,1986,1987,1988,1989,1990,1991,1992,1993,1994,1995,1996,1997,1998,1999,2000,2001,2002,2003,2004,2005,
11,3,5,0,3,5,3,5,0,6,3,1,0,0,0,0,1,0,0,1,0,0,0,1,
1982,1983,1984,1985,1986,1987,1988,1989,1990,1991,1992,1993,1994,1995,1996,1997,1998,1999,2000,2001,2002,2003,2004,2005,
2,2,1,0,1,6,4,2,0,3,0,0,0,2,0,0,0,1,2,1,0,0,0,1,
1981,1982,1983,1984,1985,1986,1987,1988,1989,1990,1991,1992,1993,1994,1995,1996,1997,1998,1999,2000,2001,2002,2003,2004,
1,3,4,2,0,4,1,0,1,0,0,2,0,0,1,1,3,0,0,1,0,0,0,1,
1984,1985,1986,1987,1988,1989,1990,1991,1992,1993,1994,1995,1996,1997,1998,1999,2000,2001,2002,2003,2004,2005,2006,2007,
2,0,0,1,2,2,0,3,6,1,0,0,0,0,1,2,0,1,1,0,0,1,0,1,
1986,1987,1988,1989,1990,1991,1992,1993,1994,1995,1996,1997,1998,1999,2000,2001,2002,2003,2004,2005,2006,2007,2008,2009,
1,0,1,1,0,1,0,1,1,1,2,2,0,0,5,2,3,1,1,1,0,0,0,1,
1986,1987,1988,1989,1990,1991,1992,1993,1994,1995,1996,1997,1998,1999,2000,2001,2002,2003,2004,2005,2006,2007,2008,2009,
3,5,0,2,2,1,2,1,2,1,0,2,2,0,6,3,6,0,0,2,0,5,2,2,
1986,1987,1988,1989,1990,1991,1992,1993,1994,1995,1996,1997,1998,1999,2000,2001,2002,2003,2004,2005,2006,2007,2008,2009,
1,1,1,1,1,0,1,1,0,0,0,1,0,1,0,0,2,2,0,2,1,2,0,1,
1986,1987,1988,1989,1990,1991,1992,1993,1994,1995,1996,1997,1998,1999,2000,2001,2002,2003,2004,2005,2006,2007,2008,2009,
1,0,2,2,0,1,0,2,0,1,2,1,3,2,2,6,13,4,3,2,3,4,6,2,
1984,1985,1986,1987,1988,1989,1990,1991,1992,1993,1994,1995,1996,1997,1998,1999,2000,2001,2002,2003,2004,2005,2006,2007,
1,0,2,2,2,2,1,2,2,2,1,1,1,0,0,1,1,1,0,0,0,0,0,1,
