1979,1980,1981,1982,1983,1984,1985,1986,1987,1988,1989,1990,1991,1992,1993,1994,1995,1996,1997,1998,1999,2000,2001,2002,2003,2004,2005,2006,2007,2008,
1,3,6,1,1,1,0,1,1,3,2,1,1,0,1,0,0,0,0,0,0,2,2,1,0,0,1,0,0,1,
1980,1981,1982,1983,1984,1985,1986,1987,1988,1989,1990,1991,1992,1993,1994,1995,1996,1997,1998,1999,2000,2001,2002,2003,2004,2005,2006,2007,2008,2009,
1,0,0,0,0,0,0,0,1,0,0,0,0,1,0,3,0,1,2,0,2,1,6,5,2,3,3,3,7,6,
1980,1981,1982,1983,1984,1985,1986,1987,1988,1989,1990,1991,1992,1993,1994,1995,1996,1997,1998,1999,2000,2001,2002,2003,2004,2005,2006,2007,2008,2009,
1,3,5,3,7,8,6,5,17,16,15,6,9,10,7,1,2,4,2,2,10,5,7,5,4,5,2,3,6,7,
1980,1981,1982,1983,1984,1985,1986,1987,1988,1989,1990,1991,1992,1993,1994,1995,1996,1997,1998,1999,2000,2001,2002,2003,2004,2005,2006,2007,2008,2009,
1,1,1,1,1,1,6,4,14,15,11,9,5,8,10,8,10,17,3,8,9,11,14,10,6,5,5,10,24,14,
1980,1981,1982,1983,1984,1985,1986,1987,1988,1989,1990,1991,1992,1993,1994,1995,1996,1997,1998,1999,2000,2001,2002,2003,2004,2005,2006,2007,2008,2009,
1,0,0,0,0,1,1,2,0,2,1,6,8,5,4,2,0,1,7,2,2,5,6,1,2,1,7,9,12,14,
1980,1981,1982,1983,1984,1985,1986,1987,1988,1989,1990,1991,1992,1993,1994,1995,1996,1997,1998,1999,2000,2001,2002,2003,2004,2005,2006,2007,2008,2009,
1,0,3,1,0,2,4,2,7,4,4,3,2,0,1,2,0,0,1,0,0,1,0,0,0,0,1,2,0,2,
1977,1978,1979,1980,1981,1982,1983,1984,1985,1986,1987,1988,1989,1990,1991,1992,1993,1994,1995,1996,1997,1998,1999,2000,2001,2002,2003,2004,2005,2006,
1,18,12,15,17,12,8,8,5,6,10,6,6,4,3,2,2,1,1,1,2,0,0,0,0,0,2,0,2,1,
1980,1981,1982,1983,1984,1985,1986,1987,1988,1989,1990,1991,1992,1993,1994,1995,1996,1997,1998,1999,2000,2001,2002,2003,2004,2005,2006,2007,2008,2009,
2,3,3,1,1,0,1,1,1,1,1,1,1,1,0,2,0,1,0,0,0,0,0,1,0,1,1,0,0,2,
1980,1981,1982,1983,1984,1985,1986,1987,1988,1989,1990,1991,1992,1993,1994,1995,1996,1997,1998,1999,2000,2001,2002,2003,2004,2005,2006,2007,2008,2009,
1,1,0,0,3,1,0,1,0,1,0,3,0,1,1,0,1,0,0,0,1,0,3,1,0,1,5,2,2,2,
1979,1980,1981,1982,1983,1984,1985,1986,1987,1988,1989,1990,1991,1992,1993,1994,1995,1996,1997,1998,1999,2000,2001,2002,2003,2004,2005,2006,2007,2008,
1,5,7,11,15,9,3,13,18,15,8,1,7,8,5,0,1,4,0,0,0,1,3,2,0,0,0,0,0,1,
1980,1981,1982,1983,1984,1985,1986,1987,1988,1989,1990,1991,1992,1993,1994,1995,1996,1997,1998,1999,2000,2001,2002,2003,2004,2005,2006,2007,2008,2009,
1,0,0,0,0,0,0,1,5,1,0,4,2,4,3,10,2,3,1,4,5,1,0,1,0,0,0,0,0,2,
1975,1976,1977,1978,1979,1980,1981,1982,1983,1984,1985,1986,1987,1988,1989,1990,1991,1992,1993,1994,1995,1996,1997,1998,1999,2000,2001,2002,2003,2004,
1,4,3,1,2,1,0,3,1,2,1,0,2,0,0,0,0,0,2,0,0,0,0,0,1,0,0,1,1,1,
1980,1981,1982,1983,1984,1985,1986,1987,1988,1989,1990,1991,1992,1993,1994,1995,1996,1997,1998,1999,2000,2001,2002,2003,2004,2005,2006,2007,2008,2009,
1,7,2,3,5,1,6,2,2,2,2,1,1,4,0,3,2,1,1,3,1,0,2,1,0,0,0,3,0,2,
1980,1981,1982,1983,1984,1985,1986,1987,1988,1989,1990,1991,1992,1993,1994,1995,1996,1997,1998,1999,2000,2001,2002,2003,2004,2005,2006,2007,2008,2009,
2,6,4,2,11,5,4,3,7,8,5,9,2,7,9,12,7,5,4,8,11,7,11,5,3,2,2,4,7,6,
1980,1981,1982,1983,1984,1985,1986,1987,1988,1989,1990,1991,1992,1993,1994,1995,1996,1997,1998,1999,2000,2001,2002,2003,2004,2005,2006,2007,2008,2009,
1,1,0,1,0,0,2,1,1,3,4,7,5,6,0,2,2,6,0,3,1,5,6,4,3,7,3,8,3,5,
1980,1981,1982,1983,1984,1985,1986,1987,1988,1989,1990,1991,1992,1993,1994,1995,1996,1997,1998,1999,2000,2001,2002,2003,2004,2005,2006,2007,2008,2009,
1,1,1,1,0,0,1,4,7,3,3,0,1,2,2,1,0,0,0,0,1,0,4,0,0,0,0,2,1,1,
1977,1978,1979,1980,1981,1982,1983,1984,1985,1986,1987,1988,1989,1990,1991,1992,1993,1994,1995,1996,1997,1998,1999,2000,2001,2002,2003,2004,2005,2006,
1,4,2,5,3,2,0,1,1,2,0,0,1,1,1,0,1,0,0,0,1,0,0,0,0,0,0,0,1,2,
1980,1981,1982,1983,1984,1985,1986,1987,1988,1989,1990,1991,1992,1993,1994,1995,1996,1997,1998,1999,2000,2001,2002,2003,2004,2005,2006,2007,2008,2009,
2,0,4,7,8,1,9,10,5,9,11,7,6,2,1,3,2,4,0,3,1,2,4,3,0,1,1,8,2,4,
1980,1981,1982,1983,1984,1985,1986,1987,1988,1989,1990,1991,1992,1993,1994,1995,1996,1997,1998,1999,2000,2001,2002,2003,2004,2005,2006,2007,2008,2009,
2,5,4,4,0,2,3,3,3,5,1,5,1,2,2,2,0,2,1,1,2,2,2,1,1,0,0,1,1,1,
1967,1968,1969,1970,1971,1972,1973,1974,1975,1976,1977,1978,1979,1980,1981,1982,1983,1984,1985,1986,1987,1988,1989,1990,1991,1992,1993,1994,1995,1996,
1,6,3,5,3,4,2,1,2,2,1,0,0,0,0,0,1,1,1,1,0,1,0,0,0,0,1,0,0,1,
1980,1981,1982,1983,1984,1985,1986,1987,1988,1989,1990,1991,1992,1993,1994,1995,1996,1997,1998,1999,2000,2001,2002,2003,2004,2005,2006,2007,2008,2009,
1,0,4,1,2,2,3,2,5,6,6,4,3,3,1,1,1,2,2,0,1,2,1,0,0,2,0,2,6,2,
1980,1981,1982,1983,1984,1985,1986,1987,1988,1989,1990,1991,1992,1993,1994,1995,1996,1997,1998,1999,2000,2001,2002,2003,2004,2005,2006,2007,2008,2009,
3,4,2,2,6,1,2,1,5,5,0,4,1,1,4,0,1,2,0,1,3,1,2,0,0,0,0,0,0,1,
1979,1980,1981,1982,1983,1984,1985,1986,1987,1988,1989,1990,1991,1992,1993,1994,1995,1996,1997,1998,1999,2000,2001,2002,2003,2004,2005,2006,2007,2008,
2,4,1,5,0,0,1,1,0,3,3,2,2,1,4,1,0,0,0,1,0,1,0,0,0,0,0,0,0,1,
1978,1979,1980,1981,1982,1983,1984,1985,1986,1987,1988,1989,1990,1991,1992,1993,1994,1995,1996,1997,1998,1999,2000,2001,2002,2003,2004,2005,2006,2007,
1,1,1,1,0,0,0,2,1,1,1,0,0,1,0,0,1,0,1,0,0,1,0,1,1,1,0,0,0,1,
1976,1977,1978,1979,1980,1981,1982,1983,1984,1985,1986,1987,1988,1989,1990,1991,1992,1993,1994,1995,1996,1997,1998,1999,2000,2001,2002,2003,2004,2005,
3,0,1,3,5,7,12,9,3,1,0,4,10,0,3,4,0,0,1,2,0,2,0,1,2,0,0,0,1,2,
1976,1977,1978,1979,1980,1981,1982,1983,1984,1985,1986,1987,1988,1989,1990,1991,1992,1993,1994,1995,1996,1997,1998,1999,2000,2001,2002,2003,2004,2005,
1,1,2,1,9,2,11,0,7,1,3,6,0,5,2,3,1,0,0,0,0,0,1,0,0,0,2,0,1,2,
1973,1974,1975,1976,1977,1978,1979,1980,1981,1982,1983,1984,1985,1986,1987,1988,1989,1990,1991,1992,1993,1994,1995,1996,1997,1998,1999,2000,2001,2002,
1,3,2,3,1,0,1,1,0,4,3,0,0,0,0,6,6,0,1,0,0,0,1,0,1,1,1,0,0,1,
1980,1981,1982,1983,1984,1985,1986,1987,1988,1989,1990,1991,1992,1993,1994,1995,1996,1997,1998,1999,2000,2001,2002,2003,2004,2005,2006,2007,2008,2009,
1,0,2,0,1,1,1,1,2,1,2,1,1,0,0,0,1,3,0,3,2,1,6,3,1,6,0,3,6,1,
1979,1980,1981,1982,1983,1984,1985,1986,1987,1988,1989,1990,1991,1992,1993,1994,1995,1996,1997,1998,1999,2000,2001,2002,2003,2004,2005,2006,2007,2008,
1,5,3,4,1,0,1,1,1,7,4,5,5,4,4,5,5,1,3,2,2,0,0,0,0,0,0,0,0,1,
