1996,1997,1998,1999,2000,2001,2002,2003,2004,2005,2006,2007,2008,2009,
2,4,3,10,8,16,5,22,9,7,4,6,13,7,
1995,1996,1997,1998,1999,2000,2001,2002,2003,2004,2005,2006,2007,2008,
1,3,2,1,4,0,2,2,2,0,0,0,1,1,
1988,1989,1990,1991,1992,1993,1994,1995,1996,1997,1998,1999,2000,2001,
2,7,3,4,5,1,0,0,1,0,2,0,0,1,
1996,1997,1998,1999,2000,2001,2002,2003,2004,2005,2006,2007,2008,2009,
1,1,0,0,1,3,0,1,1,1,2,3,2,3,
1995,1996,1997,1998,1999,2000,2001,2002,2003,2004,2005,2006,2007,2008,
1,0,0,1,1,0,0,2,2,0,1,0,2,2,
1996,1997,1998,1999,2000,2001,2002,2003,2004,2005,2006,2007,2008,2009,
1,1,1,1,1,1,1,3,0,0,0,1,0,1,
1995,1996,1997,1998,1999,2000,2001,2002,2003,2004,2005,2006,2007,2008,
1,0,1,1,4,3,3,1,0,0,1,0,0,1,
1996,1997,1998,1999,2000,2001,2002,2003,2004,2005,2006,2007,2008,2009,
1,1,0,1,1,0,0,1,0,1,1,1,2,1,
1988,1989,1990,1991,1992,1993,1994,1995,1996,1997,1998,1999,2000,2001,
1,4,1,2,1,1,1,1,0,0,0,0,0,1,
1995,1996,1997,1998,1999,2000,2001,2002,2003,2004,2005,2006,2007,2008,
3,4,5,5,8,8,15,5,4,1,0,2,2,3,
1996,1997,1998,1999,2000,2001,2002,2003,2004,2005,2006,2007,2008,2009,
1,6,8,9,10,19,22,21,8,10,10,12,21,25,
1996,1997,1998,1999,2000,2001,2002,2003,2004,2005,2006,2007,2008,2009,
2,2,1,7,6,12,8,9,2,0,3,4,5,3,
1988,1989,1990,1991,1992,1993,1994,1995,1996,1997,1998,1999,2000,2001,
2,0,1,1,0,3,1,2,0,0,0,0,1,2,
1996,1997,1998,1999,2000,2001,2002,2003,2004,2005,2006,2007,2008,2009,
2,6,1,5,2,10,4,5,2,2,2,2,5,3,
1990,1991,1992,1993,1994,1995,1996,1997,1998,1999,2000,2001,2002,2003,
1,1,0,0,1,2,0,4,0,1,2,0,0,1,
1989,1990,1991,1992,1993,1994,1995,1996,1997,1998,1999,2000,2001,2002,
3,2,1,1,0,2,1,0,0,1,0,1,1,1,
1988,1989,1990,1991,1992,1993,1994,1995,1996,1997,1998,1999,2000,2001,
3,5,3,1,0,1,1,0,0,0,0,1,0,1,
1988,1989,1990,1991,1992,1993,1994,1995,1996,1997,1998,1999,2000,2001,
2,0,3,0,0,1,3,2,0,1,0,0,1,1,
1996,1997,1998,1999,2000,2001,2002,2003,2004,2005,2006,2007,2008,2009,
1,0,0,2,0,2,1,1,1,0,2,2,1,1,
1988,1989,1990,1991,1992,1993,1994,1995,1996,1997,1998,1999,2000,2001,
1,2,1,5,2,3,2,0,0,2,0,0,0,1,
1989,1990,1991,1992,1993,1994,1995,1996,1997,1998,1999,2000,2001,2002,
3,0,2,0,2,1,3,3,2,1,0,0,0,2,
1987,1988,1989,1990,1991,1992,1993,1994,1995,1996,1997,1998,1999,2000,
1,0,0,1,1,5,2,1,1,0,1,0,0,1,
1987,1988,1989,1990,1991,1992,1993,1994,1995,1996,1997,1998,1999,2000,
5,4,1,1,6,1,1,0,3,0,0,2,1,1,
1989,1990,1991,1992,1993,1994,1995,1996,1997,1998,1999,2000,2001,2002,
3,0,1,0,1,1,1,0,1,1,0,0,1,1,
1997,1998,1999,2000,2001,2002,2003,2004,2005,2006,2007,2008,2009,2010,
1,2,1,5,4,4,7,0,1,6,7,21,9,1,
1996,1997,1998,1999,2000,2001,2002,2003,2004,2005,2006,2007,2008,2009,
1,1,0,0,0,0,1,1,2,1,1,2,0,1,
1984,1985,1986,1987,1988,1989,1990,1991,1992,1993,1994,1995,1996,1997,
1,0,1,0,0,0,4,4,1,1,1,0,0,2,
1989,1990,1991,1992,1993,1994,1995,1996,1997,1998,1999,2000,2001,2002,
6,1,4,1,1,4,1,1,1,2,1,1,2,1,
1989,1990,1991,1992,1993,1994,1995,1996,1997,1998,1999,2000,2001,2002,
2,1,2,0,1,1,1,0,1,0,0,2,0,1,
1987,1988,1989,1990,1991,1992,1993,1994,1995,1996,1997,1998,1999,2000,
1,2,3,2,1,1,3,2,1,0,1,0,1,1,
1987,1988,1989,1990,1991,1992,1993,1994,1995,1996,1997,1998,1999,2000,
1,0,1,1,3,3,2,1,0,0,0,1,0,1,
1989,1990,1991,1992,1993,1994,1995,1996,1997,1998,1999,2000,2001,2002,
3,2,4,3,3,0,3,0,4,2,3,2,1,1,
1988,1989,1990,1991,1992,1993,1994,1995,1996,1997,1998,1999,2000,2001,
6,2,1,2,1,2,1,2,1,0,0,0,0,1,
1983,1984,1985,1986,1987,1988,1989,1990,1991,1992,1993,1994,1995,1996,
5,3,0,4,2,3,1,2,1,0,0,1,1,1,
1989,1990,1991,1992,1993,1994,1995,1996,1997,1998,1999,2000,2001,2002,
2,1,1,1,2,1,1,1,0,1,0,0,0,1,
1987,1988,1989,1990,1991,1992,1993,1994,1995,1996,1997,1998,1999,2000,
1,1,3,1,3,0,1,0,1,1,0,0,0,1,
1988,1989,1990,1991,1992,1993,1994,1995,1996,1997,1998,1999,2000,2001,
3,2,0,2,2,2,0,2,1,1,0,1,0,1,
1987,1988,1989,1990,1991,1992,1993,1994,1995,1996,1997,1998,1999,2000,
3,1,3,1,3,1,1,0,0,0,0,0,0,1,
1987,1988,1989,1990,1991,1992,1993,1994,1995,1996,1997,1998,1999,2000,
2,5,6,5,6,1,1,2,0,0,0,1,1,1,
1987,1988,1989,1990,1991,1992,1993,1994,1995,1996,1997,1998,1999,2000,
5,3,6,4,12,8,5,1,9,3,2,5,1,1,
1987,1988,1989,1990,1991,1992,1993,1994,1995,1996,1997,1998,1999,2000,
1,7,7,5,3,3,5,1,1,0,1,0,0,1,
1997,1998,1999,2000,2001,2002,2003,2004,2005,2006,2007,2008,2009,2010,
1,0,0,0,0,1,4,1,1,1,0,0,3,1,
1987,1988,1989,1990,1991,1992,1993,1994,1995,1996,1997,1998,1999,2000,
2,0,4,1,1,1,1,0,0,0,0,1,0,1,
1987,1988,1989,1990,1991,1992,1993,1994,1995,1996,1997,1998,1999,2000,
2,5,3,3,1,2,2,2,0,0,0,0,0,1,
1987,1988,1989,1990,1991,1992,1993,1994,1995,1996,1997,1998,1999,2000,
1,3,2,1,1,1,1,0,0,0,0,0,0,1,
1987,1988,1989,1990,1991,1992,1993,1994,1995,1996,1997,1998,1999,2000,
1,6,11,3,1,3,3,1,2,0,2,1,1,1,
1984,1985,1986,1987,1988,1989,1990,1991,1992,1993,1994,1995,1996,1997,
3,3,7,14,10,10,3,3,2,1,3,1,1,1,
1987,1988,1989,1990,1991,1992,1993,1994,1995,1996,1997,1998,1999,2000,
1,2,1,1,3,3,1,0,0,0,0,0,0,1,
1989,1990,1991,1992,1993,1994,1995,1996,1997,1998,1999,2000,2001,2002,
3,2,4,0,8,0,0,5,3,1,0,2,0,1,
1995,1996,1997,1998,1999,2000,2001,2002,2003,2004,2005,2006,2007,2008,
1,1,2,0,1,0,2,3,3,2,0,0,1,1,
1988,1989,1990,1991,1992,1993,1994,1995,1996,1997,1998,1999,2000,2001,
1,0,2,2,1,2,0,1,1,1,1,0,1,2,
1987,1988,1989,1990,1991,1992,1993,1994,1995,1996,1997,1998,1999,2000,
1,2,2,0,1,1,0,0,1,0,0,1,0,2,
1990,1991,1992,1993,1994,1995,1996,1997,1998,1999,2000,2001,2002,2003,
1,1,1,0,0,0,1,1,1,1,1,0,0,1,
1988,1989,1990,1991,1992,1993,1994,1995,1996,1997,1998,1999,2000,2001,
1,0,2,2,1,2,1,4,0,1,0,1,0,2,
1988,1989,1990,1991,1992,1993,1994,1995,1996,1997,1998,1999,2000,2001,
2,2,1,3,1,2,0,1,3,0,0,0,0,1,
1987,1988,1989,1990,1991,1992,1993,1994,1995,1996,1997,1998,1999,2000,
4,2,1,2,0,1,1,0,1,0,0,0,0,1,
1988,1989,1990,1991,1992,1993,1994,1995,1996,1997,1998,1999,2000,2001,
1,1,1,1,0,0,0,3,0,3,0,0,1,2,
1986,1987,1988,1989,1990,1991,1992,1993,1994,1995,1996,1997,1998,1999,
1,1,4,0,0,6,2,5,1,1,2,0,0,1,
1987,1988,1989,1990,1991,1992,1993,1994,1995,1996,1997,1998,1999,2000,
7,9,10,4,2,2,2,0,1,0,0,1,1,2,
1987,1988,1989,1990,1991,1992,1993,1994,1995,1996,1997,1998,1999,2000,
6,3,3,2,2,2,2,2,1,1,1,1,0,2,
1988,1989,1990,1991,1992,1993,1994,1995,1996,1997,1998,1999,2000,2001,
3,2,0,2,2,2,2,1,0,3,0,1,2,1,
1988,1989,1990,1991,1992,1993,1994,1995,1996,1997,1998,1999,2000,2001,
3,4,2,2,2,2,0,0,0,1,1,0,0,1,
1988,1989,1990,1991,1992,1993,1994,1995,1996,1997,1998,1999,2000,2001,
1,1,1,0,2,1,1,1,1,1,0,0,0,2,
1988,1989,1990,1991,1992,1993,1994,1995,1996,1997,1998,1999,2000,2001,
4,4,2,1,0,2,2,1,0,0,1,0,0,1,
1989,1990,1991,1992,1993,1994,1995,1996,1997,1998,1999,2000,2001,2002,
1,2,1,0,0,0,0,0,1,2,0,2,4,1,
1972,1973,1974,1975,1976,1977,1978,1979,1980,1981,1982,1983,1984,1985,
1,0,2,2,0,3,2,0,0,1,0,1,1,2,
1987,1988,1989,1990,1991,1992,1993,1994,1995,1996,1997,1998,1999,2000,
1,0,0,1,1,2,2,1,1,0,0,0,0,1,
1994,1995,1996,1997,1998,1999,2000,2001,2002,2003,2004,2005,2006,2007,
1,1,0,2,1,0,1,0,0,1,0,0,1,1,
1991,1992,1993,1994,1995,1996,1997,1998,1999,2000,2001,2002,2003,2004,
1,0,5,2,3,4,1,0,2,1,0,2,0,1,
1994,1995,1996,1997,1998,1999,2000,2001,2002,2003,2004,2005,2006,2007,
2,3,1,2,1,0,1,0,1,1,0,0,0,1,
1994,1995,1996,1997,1998,1999,2000,2001,2002,2003,2004,2005,2006,2007,
1,2,1,4,0,1,0,1,1,0,0,2,1,1,
1994,1995,1996,1997,1998,1999,2000,2001,2002,2003,2004,2005,2006,2007,
3,5,6,4,1,7,4,7,3,2,3,1,1,2,
1995,1996,1997,1998,1999,2000,2001,2002,2003,2004,2005,2006,2007,2008,
1,0,1,2,1,1,1,1,1,2,0,3,1,2,
1995,1996,1997,1998,1999,2000,2001,2002,2003,2004,2005,2006,2007,2008,
1,0,2,1,1,0,3,2,3,0,3,4,1,1,
1995,1996,1997,1998,1999,2000,2001,2002,2003,2004,2005,2006,2007,2008,
1,1,1,2,2,1,1,1,2,0,0,0,0,2,
1993,1994,1995,1996,1997,1998,1999,2000,2001,2002,2003,2004,2005,2006,
1,0,0,0,1,1,1,0,1,1,0,1,2,1,
1994,1995,1996,1997,1998,1999,2000,2001,2002,2003,2004,2005,2006,2007,
3,2,1,1,1,1,4,1,1,0,0,1,1,1,
1995,1996,1997,1998,1999,2000,2001,2002,2003,2004,2005,2006,2007,2008,
2,2,0,1,1,1,1,0,2,0,1,1,0,2,
1996,1997,1998,1999,2000,2001,2002,2003,2004,2005,2006,2007,2008,2009,
1,0,0,0,1,1,2,1,1,1,0,1,1,2,
1996,1997,1998,1999,2000,2001,2002,2003,2004,2005,2006,2007,2008,2009,
1,0,1,1,1,0,3,2,0,2,0,1,1,1,
1996,1997,1998,1999,2000,2001,2002,2003,2004,2005,2006,2007,2008,2009,
1,1,0,1,3,1,0,1,2,1,0,1,6,2,
1994,1995,1996,1997,1998,1999,2000,2001,2002,2003,2004,2005,2006,2007,
1,4,4,2,2,1,1,4,4,1,0,2,1,1,
1995,1996,1997,1998,1999,2000,2001,2002,2003,2004,2005,2006,2007,2008,
4,0,0,0,2,1,1,2,1,1,2,0,0,1,
1994,1995,1996,1997,1998,1999,2000,2001,2002,2003,2004,2005,2006,2007,
1,0,0,1,1,1,0,1,1,2,2,3,1,1,
1994,1995,1996,1997,1998,1999,2000,2001,2002,2003,2004,2005,2006,2007,
1,3,1,6,2,1,5,1,1,0,2,0,0,1,
1992,1993,1994,1995,1996,1997,1998,1999,2000,2001,2002,2003,2004,2005,
1,0,1,1,0,1,2,0,1,0,3,0,0,1,
1996,1997,1998,1999,2000,2001,2002,2003,2004,2005,2006,2007,2008,2009,
1,0,0,2,1,2,2,3,0,1,0,1,1,1,
1995,1996,1997,1998,1999,2000,2001,2002,2003,2004,2005,2006,2007,2008,
1,3,3,0,4,1,1,1,0,0,0,1,0,1,
1994,1995,1996,1997,1998,1999,2000,2001,2002,2003,2004,2005,2006,2007,
1,0,0,1,1,1,1,3,1,0,0,0,0,1,
1995,1996,1997,1998,1999,2000,2001,2002,2003,2004,2005,2006,2007,2008,
1,0,5,1,0,2,2,1,0,0,0,0,1,2,
1995,1996,1997,1998,1999,2000,2001,2002,2003,2004,2005,2006,2007,2008,
2,1,2,0,0,1,0,0,0,2,1,1,0,1,
1996,1997,1998,1999,2000,2001,2002,2003,2004,2005,2006,2007,2008,2009,
1,1,3,3,10,4,5,2,1,4,1,1,2,5,
1993,1994,1995,1996,1997,1998,1999,2000,2001,2002,2003,2004,2005,2006,
12,0,1,5,2,1,1,7,2,1,1,0,0,2,
1995,1996,1997,1998,1999,2000,2001,2002,2003,2004,2005,2006,2007,2008,
2,3,3,0,2,1,0,0,0,1,0,0,1,1,
1996,1997,1998,1999,2000,2001,2002,2003,2004,2005,2006,2007,2008,2009,
1,0,1,0,6,0,4,2,0,0,1,5,9,4,
1996,1997,1998,1999,2000,2001,2002,2003,2004,2005,2006,2007,2008,2009,
2,3,1,1,0,1,0,2,0,1,2,1,2,1,
1996,1997,1998,1999,2000,2001,2002,2003,2004,2005,2006,2007,2008,2009,
3,2,6,3,1,1,1,0,1,0,0,0,0,2,
1996,1997,1998,1999,2000,2001,2002,2003,2004,2005,2006,2007,2008,2009,
2,0,0,1,1,1,2,0,1,0,1,2,1,4,
1995,1996,1997,1998,1999,2000,2001,2002,2003,2004,2005,2006,2007,2008,
7,8,11,8,9,8,15,2,3,0,1,0,2,2,
1995,1996,1997,1998,1999,2000,2001,2002,2003,2004,2005,2006,2007,2008,
3,0,5,3,0,3,1,2,1,1,0,0,1,1,
1996,1997,1998,1999,2000,2001,2002,2003,2004,2005,2006,2007,2008,2009,
1,2,1,0,0,2,3,2,1,0,2,1,0,1,
1995,1996,1997,1998,1999,2000,2001,2002,2003,2004,2005,2006,2007,2008,
1,1,1,1,1,1,0,0,5,2,1,0,1,2,
1994,1995,1996,1997,1998,1999,2000,2001,2002,2003,2004,2005,2006,2007,
1,5,0,3,0,1,3,1,2,0,0,1,1,1,
1996,1997,1998,1999,2000,2001,2002,2003,2004,2005,2006,2007,2008,2009,
1,0,0,1,0,1,2,1,1,0,0,0,1,2,
1997,1998,1999,2000,2001,2002,2003,2004,2005,2006,2007,2008,2009,2010,
1,0,1,1,1,1,1,3,1,0,3,2,0,1,
1993,1994,1995,1996,1997,1998,1999,2000,2001,2002,2003,2004,2005,2006,
2,1,5,1,8,3,8,9,5,2,3,0,1,2,
1995,1996,1997,1998,1999,2000,2001,2002,2003,2004,2005,2006,2007,2008,
2,0,3,1,1,1,2,1,4,2,0,1,0,1,
1996,1997,1998,1999,2000,2001,2002,2003,2004,2005,2006,2007,2008,2009,
1,0,1,1,2,0,2,1,0,2,0,0,1,2,
1995,1996,1997,1998,1999,2000,2001,2002,2003,2004,2005,2006,2007,2008,
1,2,2,0,0,2,1,1,0,1,3,1,0,1,
1995,1996,1997,1998,1999,2000,2001,2002,2003,2004,2005,2006,2007,2008,
2,1,1,0,1,0,1,1,0,0,1,0,0,1,
1996,1997,1998,1999,2000,2001,2002,2003,2004,2005,2006,2007,2008,2009,
6,1,2,1,1,4,4,5,1,3,1,3,3,4,
1997,1998,1999,2000,2001,2002,2003,2004,2005,2006,2007,2008,2009,2010,
7,2,3,4,3,9,3,3,7,3,5,10,8,1,
1995,1996,1997,1998,1999,2000,2001,2002,2003,2004,2005,2006,2007,2008,
2,1,1,1,2,3,1,0,1,0,1,0,0,1,
1995,1996,1997,1998,1999,2000,2001,2002,2003,2004,2005,2006,2007,2008,
4,0,1,1,2,1,4,0,1,0,0,0,1,1,
1995,1996,1997,1998,1999,2000,2001,2002,2003,2004,2005,2006,2007,2008,
1,0,1,0,0,1,2,3,1,0,1,0,0,1,
1996,1997,1998,1999,2000,2001,2002,2003,2004,2005,2006,2007,2008,2009,
1,0,1,0,2,0,1,2,1,2,1,1,1,1,
1996,1997,1998,1999,2000,2001,2002,2003,2004,2005,2006,2007,2008,2009,
2,4,2,1,0,0,2,1,1,2,0,0,2,2,
1996,1997,1998,1999,2000,2001,2002,2003,2004,2005,2006,2007,2008,2009,
1,0,0,0,2,3,0,4,3,0,0,1,3,1,
1994,1995,1996,1997,1998,1999,2000,2001,2002,2003,2004,2005,2006,2007,
1,3,1,1,0,1,2,2,1,1,1,1,0,3,
1994,1995,1996,1997,1998,1999,2000,2001,2002,2003,2004,2005,2006,2007,
5,2,1,2,0,0,1,0,2,1,0,0,0,1,
1996,1997,1998,1999,2000,2001,2002,2003,2004,2005,2006,2007,2008,2009,
1,1,1,1,1,0,0,0,1,0,1,0,0,2,
1993,1994,1995,1996,1997,1998,1999,2000,2001,2002,2003,2004,2005,2006,
1,2,2,0,2,0,4,2,3,2,0,0,2,2,
1995,1996,1997,1998,1999,2000,2001,2002,2003,2004,2005,2006,2007,2008,
4,2,0,1,2,2,1,1,1,0,0,1,0,1,
1995,1996,1997,1998,1999,2000,2001,2002,2003,2004,2005,2006,2007,2008,
2,2,3,1,1,2,2,3,5,2,0,0,4,2,
1995,1996,1997,1998,1999,2000,2001,2002,2003,2004,2005,2006,2007,2008,
1,4,1,3,1,4,1,1,1,3,0,1,0,2,
1996,1997,1998,1999,2000,2001,2002,2003,2004,2005,2006,2007,2008,2009,
2,1,1,2,1,1,0,5,1,2,0,1,0,1,
1996,1997,1998,1999,2000,2001,2002,2003,2004,2005,2006,2007,2008,2009,
1,1,0,0,1,0,0,1,1,1,0,1,0,2,
1996,1997,1998,1999,2000,2001,2002,2003,2004,2005,2006,2007,2008,2009,
2,0,0,2,2,1,5,1,0,0,0,2,2,1,
1995,1996,1997,1998,1999,2000,2001,2002,2003,2004,2005,2006,2007,2008,
1,0,0,3,1,1,0,0,3,0,1,1,1,2,
1984,1985,1986,1987,1988,1989,1990,1991,1992,1993,1994,1995,1996,1997,
1,0,0,1,1,2,0,2,1,0,1,0,0,1,
1996,1997,1998,1999,2000,2001,2002,2003,2004,2005,2006,2007,2008,2009,
1,2,2,0,0,3,4,0,1,1,3,2,9,10,
1996,1997,1998,1999,2000,2001,2002,2003,2004,2005,2006,2007,2008,2009,
5,5,4,8,15,9,7,4,4,5,1,6,1,2,
1995,1996,1997,1998,1999,2000,2001,2002,2003,2004,2005,2006,2007,2008,
3,0,1,6,12,4,10,5,6,0,2,3,0,3,
1996,1997,1998,1999,2000,2001,2002,2003,2004,2005,2006,2007,2008,2009,
1,3,0,0,1,1,1,1,0,0,1,0,0,1,
1992,1993,1994,1995,1996,1997,1998,1999,2000,2001,2002,2003,2004,2005,
2,1,2,2,1,1,1,1,0,1,1,1,0,2,
1995,1996,1997,1998,1999,2000,2001,2002,2003,2004,2005,2006,2007,2008,
1,0,2,1,0,1,0,2,0,0,1,0,2,1,
1996,1997,1998,1999,2000,2001,2002,2003,2004,2005,2006,2007,2008,2009,
2,16,16,12,34,29,30,25,10,7,5,18,25,14,
1994,1995,1996,1997,1998,1999,2000,2001,2002,2003,2004,2005,2006,2007,
1,2,1,0,0,1,0,1,3,0,0,0,1,1,
1996,1997,1998,1999,2000,2001,2002,2003,2004,2005,2006,2007,2008,2009,
1,0,0,0,1,1,1,3,0,2,1,1,1,1,
1996,1997,1998,1999,2000,2001,2002,2003,2004,2005,2006,2007,2008,2009,
1,1,0,0,3,4,4,1,1,1,4,0,2,3,
1994,1995,1996,1997,1998,1999,2000,2001,2002,2003,2004,2005,2006,2007,
1,1,1,2,1,2,1,2,4,3,1,1,2,1,
1996,1997,1998,1999,2000,2001,2002,2003,2004,2005,2006,2007,2008,2009,
4,7,4,9,15,26,14,9,8,6,2,10,7,12,
1988,1989,1990,1991,1992,1993,1994,1995,1996,1997,1998,1999,2000,2001,
1,5,2,2,1,1,0,0,1,0,0,0,0,1,
1980,1981,1982,1983,1984,1985,1986,1987,1988,1989,1990,1991,1992,1993,
1,2,2,2,2,1,0,0,0,2,1,0,0,1,
1996,1997,1998,1999,2000,2001,2002,2003,2004,2005,2006,2007,2008,2009,
2,2,0,0,0,1,3,1,1,0,2,2,8,1,
1996,1997,1998,1999,2000,2001,2002,2003,2004,2005,2006,2007,2008,2009,
5,0,0,0,1,1,1,0,1,1,0,1,1,5,
1996,1997,1998,1999,2000,2001,2002,2003,2004,2005,2006,2007,2008,2009,
1,2,0,1,2,3,2,2,1,2,0,0,1,2,
1995,1996,1997,1998,1999,2000,2001,2002,2003,2004,2005,2006,2007,2008,
1,1,4,0,1,2,4,0,1,3,4,0,5,1,
1996,1997,1998,1999,2000,2001,2002,2003,2004,2005,2006,2007,2008,2009,
1,2,0,0,1,2,1,2,0,0,1,0,2,1,
1996,1997,1998,1999,2000,2001,2002,2003,2004,2005,2006,2007,2008,2009,
1,0,3,4,2,1,4,4,1,2,3,15,5,5,
1994,1995,1996,1997,1998,1999,2000,2001,2002,2003,2004,2005,2006,2007,
2,1,1,0,1,1,2,0,0,1,2,1,0,1,
1995,1996,1997,1998,1999,2000,2001,2002,2003,2004,2005,2006,2007,2008,
1,1,3,4,0,6,5,3,5,3,0,0,3,4,
1994,1995,1996,1997,1998,1999,2000,2001,2002,2003,2004,2005,2006,2007,
1,1,0,1,1,1,0,2,1,0,0,0,0,2,
1995,1996,1997,1998,1999,2000,2001,2002,2003,2004,2005,2006,2007,2008,
2,1,1,0,1,3,4,4,4,2,2,0,4,3,
1995,1996,1997,1998,1999,2000,2001,2002,2003,2004,2005,2006,2007,2008,
1,0,1,1,0,1,1,1,0,0,0,0,3,2,
1996,1997,1998,1999,2000,2001,2002,2003,2004,2005,2006,2007,2008,2009,
1,2,2,2,3,2,1,2,2,2,1,2,6,1,
1992,1993,1994,1995,1996,1997,1998,1999,2000,2001,2002,2003,2004,2005,
1,2,0,0,1,1,0,1,0,1,1,1,0,1,
1995,1996,1997,1998,1999,2000,2001,2002,2003,2004,2005,2006,2007,2008,
3,1,2,0,5,2,2,5,2,1,1,1,1,1,
1988,1989,1990,1991,1992,1993,1994,1995,1996,1997,1998,1999,2000,2001,
1,2,1,3,0,1,1,2,0,0,1,0,0,1,
1996,1997,1998,1999,2000,2001,2002,2003,2004,2005,2006,2007,2008,2009,
1,3,2,0,0,2,1,0,0,1,0,2,0,1,
1995,1996,1997,1998,1999,2000,2001,2002,2003,2004,2005,2006,2007,2008,
1,1,0,0,1,3,0,0,1,1,0,1,2,2,
1996,1997,1998,1999,2000,2001,2002,2003,2004,2005,2006,2007,2008,2009,
2,0,0,3,6,8,8,5,11,4,26,16,12,26,
1993,1994,1995,1996,1997,1998,1999,2000,2001,2002,2003,2004,2005,2006,
2,0,1,3,1,2,3,2,3,0,0,0,0,1,
1981,1982,1983,1984,1985,1986,1987,1988,1989,1990,1991,1992,1993,1994,
1,1,0,1,0,1,1,0,0,2,0,0,1,1,
1979,1980,1981,1982,1983,1984,1985,1986,1987,1988,1989,1990,1991,1992,
1,1,0,1,2,3,0,3,4,2,0,1,1,3,
1977,1978,1979,1980,1981,1982,1983,1984,1985,1986,1987,1988,1989,1990,
4,4,4,5,2,2,5,0,0,0,1,0,0,2,
1973,1974,1975,1976,1977,1978,1979,1980,1981,1982,1983,1984,1985,1986,
4,3,1,3,3,1,4,1,2,1,0,0,1,1,
1980,1981,1982,1983,1984,1985,1986,1987,1988,1989,1990,1991,1992,1993,
2,1,0,1,1,1,1,1,0,1,1,1,0,1,
1979,1980,1981,1982,1983,1984,1985,1986,1987,1988,1989,1990,1991,1992,
1,1,4,1,2,0,1,0,0,2,0,0,0,1,
1970,1971,1972,1973,1974,1975,1976,1977,1978,1979,1980,1981,1982,1983,
1,1,1,1,1,0,1,0,1,0,1,1,1,1,
1996,1997,1998,1999,2000,2001,2002,2003,2004,2005,2006,2007,2008,2009,
1,2,3,0,3,6,10,3,3,4,5,10,6,6,
1966,1967,1968,1969,1970,1971,1972,1973,1974,1975,1976,1977,1978,1979,
1,2,3,2,3,1,0,1,1,0,0,1,1,2,
1976,1977,1978,1979,1980,1981,1982,1983,1984,1985,1986,1987,1988,1989,
1,4,2,1,1,0,2,2,0,0,0,1,0,1,
1971,1972,1973,1974,1975,1976,1977,1978,1979,1980,1981,1982,1983,1984,
1,0,4,4,1,1,0,1,3,0,1,0,0,1,
1983,1984,1985,1986,1987,1988,1989,1990,1991,1992,1993,1994,1995,1996,
1,1,1,2,4,4,5,2,2,0,1,1,0,1,
1975,1976,1977,1978,1979,1980,1981,1982,1983,1984,1985,1986,1987,1988,
3,5,3,2,2,1,1,0,0,1,0,1,0,1,
1996,1997,1998,1999,2000,2001,2002,2003,2004,2005,2006,2007,2008,2009,
1,2,2,3,4,5,3,2,1,0,0,0,0,1,
1996,1997,1998,1999,2000,2001,2002,2003,2004,2005,2006,2007,2008,2009,
4,2,1,4,1,4,5,5,2,0,1,1,4,8,
1996,1997,1998,1999,2000,2001,2002,2003,2004,2005,2006,2007,2008,2009,
1,1,3,3,7,5,5,7,2,6,3,1,4,5,
1996,1997,1998,1999,2000,2001,2002,2003,2004,2005,2006,2007,2008,2009,
2,3,2,0,3,1,5,2,2,2,1,2,5,12,
1996,1997,1998,1999,2000,2001,2002,2003,2004,2005,2006,2007,2008,2009,
1,3,3,0,4,2,6,1,2,1,0,1,1,1,
1990,1991,1992,1993,1994,1995,1996,1997,1998,1999,2000,2001,2002,2003,
1,2,0,2,0,1,1,1,1,0,1,0,1,1,
1984,1985,1986,1987,1988,1989,1990,1991,1992,1993,1994,1995,1996,1997,
1,0,1,1,1,0,0,1,2,2,0,0,1,1,
1996,1997,1998,1999,2000,2001,2002,2003,2004,2005,2006,2007,2008,2009,
1,0,1,5,3,7,6,5,2,5,1,6,7,3,
1996,1997,1998,1999,2000,2001,2002,2003,2004,2005,2006,2007,2008,2009,
7,0,1,5,2,5,3,1,3,2,0,0,1,2,
1994,1995,1996,1997,1998,1999,2000,2001,2002,2003,2004,2005,2006,2007,
2,0,1,0,1,1,1,0,0,1,0,0,1,2,
1996,1997,1998,1999,2000,2001,2002,2003,2004,2005,2006,2007,2008,2009,
1,1,1,0,2,0,1,0,3,0,0,0,1,2,
1993,1994,1995,1996,1997,1998,1999,2000,2001,2002,2003,2004,2005,2006,
2,1,1,0,1,1,0,1,1,0,1,2,0,1,
1996,1997,1998,1999,2000,2001,2002,2003,2004,2005,2006,2007,2008,2009,
2,5,3,4,9,3,2,3,0,2,0,0,0,1,
1996,1997,1998,1999,2000,2001,2002,2003,2004,2005,2006,2007,2008,2009,
1,2,1,1,3,2,1,1,0,0,0,3,0,1,
1995,1996,1997,1998,1999,2000,2001,2002,2003,2004,2005,2006,2007,2008,
1,0,2,0,3,0,1,5,1,1,0,0,0,1,
1995,1996,1997,1998,1999,2000,2001,2002,2003,2004,2005,2006,2007,2008,
3,1,0,1,3,1,1,0,1,0,0,0,1,1,
1996,1997,1998,1999,2000,2001,2002,2003,2004,2005,2006,2007,2008,2009,
5,6,6,7,8,6,8,8,6,4,4,7,10,7,
1996,1997,1998,1999,2000,2001,2002,2003,2004,2005,2006,2007,2008,2009,
2,5,0,0,4,2,1,4,0,1,1,0,0,1,
1996,1997,1998,1999,2000,2001,2002,2003,2004,2005,2006,2007,2008,2009,
1,2,0,5,6,2,1,2,1,1,1,0,2,2,
1996,1997,1998,1999,2000,2001,2002,2003,2004,2005,2006,2007,2008,2009,
1,2,0,0,1,2,0,1,2,0,0,1,1,1,
1985,1986,1987,1988,1989,1990,1991,1992,1993,1994,1995,1996,1997,1998,
1,0,3,1,1,0,2,1,1,0,1,1,0,1,
1996,1997,1998,1999,2000,2001,2002,2003,2004,2005,2006,2007,2008,2009,
1,3,2,1,0,2,3,0,2,1,0,1,1,3,
1996,1997,1998,1999,2000,2001,2002,2003,2004,2005,2006,2007,2008,2009,
1,8,3,5,6,3,4,3,4,0,3,5,2,3,
1996,1997,1998,1999,2000,2001,2002,2003,2004,2005,2006,2007,2008,2009,
3,0,1,3,3,4,3,4,0,1,0,2,3,1,
1995,1996,1997,1998,1999,2000,2001,2002,2003,2004,2005,2006,2007,2008,
1,0,0,2,0,3,0,3,1,2,0,0,1,1,
1996,1997,1998,1999,2000,2001,2002,2003,2004,2005,2006,2007,2008,2009,
5,12,6,7,11,5,11,5,7,5,1,8,4,2,
1996,1997,1998,1999,2000,2001,2002,2003,2004,2005,2006,2007,2008,2009,
2,10,4,4,7,6,7,4,2,2,0,1,3,2,
1996,1997,1998,1999,2000,2001,2002,2003,2004,2005,2006,2007,2008,2009,
2,0,0,0,1,4,3,1,1,0,1,2,1,1,
1996,1997,1998,1999,2000,2001,2002,2003,2004,2005,2006,2007,2008,2009,
3,8,3,11,17,16,2,17,4,6,3,4,0,5,
1995,1996,1997,1998,1999,2000,2001,2002,2003,2004,2005,2006,2007,2008,
4,2,1,4,4,2,0,4,0,1,1,0,0,2,
1995,1996,1997,1998,1999,2000,2001,2002,2003,2004,2005,2006,2007,2008,
1,3,0,1,0,1,2,1,2,2,1,0,1,1,
1996,1997,1998,1999,2000,2001,2002,2003,2004,2005,2006,2007,2008,2009,
2,3,1,5,3,7,6,2,1,1,0,0,1,1,
1996,1997,1998,1999,2000,2001,2002,2003,2004,2005,2006,2007,2008,2009,
1,1,0,0,1,2,1,1,1,0,0,1,2,1,
1978,1979,1980,1981,1982,1983,1984,1985,1986,1987,1988,1989,1990,1991,
1,1,1,0,1,0,0,0,0,1,1,1,0,1,
1996,1997,1998,1999,2000,2001,2002,2003,2004,2005,2006,2007,2008,2009,
1,2,4,2,2,4,0,1,0,2,1,0,1,1,
1996,1997,1998,1999,2000,2001,2002,2003,2004,2005,2006,2007,2008,2009,
1,1,0,2,5,3,2,3,0,0,1,1,0,1,
1995,1996,1997,1998,1999,2000,2001,2002,2003,2004,2005,2006,2007,2008,
1,0,1,0,2,0,1,3,2,0,0,1,1,3,
1994,1995,1996,1997,1998,1999,2000,2001,2002,2003,2004,2005,2006,2007,
1,3,4,3,1,0,1,4,3,0,2,1,0,2,
1996,1997,1998,1999,2000,2001,2002,2003,2004,2005,2006,2007,2008,2009,
1,1,0,2,1,1,2,1,0,0,0,2,4,4,
1995,1996,1997,1998,1999,2000,2001,2002,2003,2004,2005,2006,2007,2008,
3,1,1,1,1,0,2,5,4,0,2,1,1,3,
1992,1993,1994,1995,1996,1997,1998,1999,2000,2001,2002,2003,2004,2005,
1,1,0,1,2,4,0,2,3,0,2,1,0,1,
1996,1997,1998,1999,2000,2001,2002,2003,2004,2005,2006,2007,2008,2009,
1,2,1,0,1,1,1,0,0,0,1,0,0,1,
1988,1989,1990,1991,1992,1993,1994,1995,1996,1997,1998,1999,2000,2001,
3,2,3,3,7,5,0,1,0,1,1,1,1,1,
1996,1997,1998,1999,2000,2001,2002,2003,2004,2005,2006,2007,2008,2009,
1,1,0,2,0,2,1,0,0,1,1,1,0,2,
1995,1996,1997,1998,1999,2000,2001,2002,2003,2004,2005,2006,2007,2008,
1,0,0,0,1,0,2,2,1,1,0,1,0,1,
1994,1995,1996,1997,1998,1999,2000,2001,2002,2003,2004,2005,2006,2007,
1,3,1,1,0,0,2,2,1,0,0,0,0,2,
1996,1997,1998,1999,2000,2001,2002,2003,2004,2005,2006,2007,2008,2009,
1,3,1,0,5,1,3,4,0,1,2,0,0,1,
1996,1997,1998,1999,2000,2001,2002,2003,2004,2005,2006,2007,2008,2009,
1,0,0,1,1,0,2,0,1,0,0,1,1,2,
1995,1996,1997,1998,1999,2000,2001,2002,2003,2004,2005,2006,2007,2008,
1,0,1,2,1,6,7,0,1,2,1,0,0,1,
1995,1996,1997,1998,1999,2000,2001,2002,2003,2004,2005,2006,2007,2008,
3,3,1,1,1,1,1,2,0,0,2,0,0,2,
1995,1996,1997,1998,1999,2000,2001,2002,2003,2004,2005,2006,2007,2008,
1,0,1,1,3,0,0,1,1,0,1,4,2,2,
1996,1997,1998,1999,2000,2001,2002,2003,2004,2005,2006,2007,2008,2009,
3,12,20,12,16,22,23,16,10,7,3,4,11,4,
1992,1993,1994,1995,1996,1997,1998,1999,2000,2001,2002,2003,2004,2005,
2,6,7,8,1,2,1,2,2,3,1,5,3,1,
1995,1996,1997,1998,1999,2000,2001,2002,2003,2004,2005,2006,2007,2008,
4,0,6,0,1,1,1,0,1,0,0,1,1,1,
1996,1997,1998,1999,2000,2001,2002,2003,2004,2005,2006,2007,2008,2009,
1,6,4,0,0,3,5,5,2,2,5,4,7,7,
1995,1996,1997,1998,1999,2000,2001,2002,2003,2004,2005,2006,2007,2008,
7,1,2,0,5,5,9,3,4,1,1,0,1,1,
1992,1993,1994,1995,1996,1997,1998,1999,2000,2001,2002,2003,2004,2005,
1,2,1,1,1,1,2,0,0,0,1,0,0,1,
1990,1991,1992,1993,1994,1995,1996,1997,1998,1999,2000,2001,2002,2003,
1,6,4,3,0,4,2,0,1,2,3,0,0,1,
1990,1991,1992,1993,1994,1995,1996,1997,1998,1999,2000,2001,2002,2003,
2,3,4,1,1,4,1,2,0,0,0,0,0,1,
1988,1989,1990,1991,1992,1993,1994,1995,1996,1997,1998,1999,2000,2001,
2,6,1,1,1,0,1,1,0,2,1,0,0,1,
1990,1991,1992,1993,1994,1995,1996,1997,1998,1999,2000,2001,2002,2003,
1,3,3,0,0,0,0,1,0,1,1,0,1,1,
1989,1990,1991,1992,1993,1994,1995,1996,1997,1998,1999,2000,2001,2002,
1,0,2,2,1,2,1,1,2,1,0,0,1,1,
1989,1990,1991,1992,1993,1994,1995,1996,1997,1998,1999,2000,2001,2002,
1,2,0,1,1,0,1,1,0,0,0,1,0,1,
1990,1991,1992,1993,1994,1995,1996,1997,1998,1999,2000,2001,2002,2003,
1,2,1,1,0,0,1,1,0,1,0,0,0,1,
1989,1990,1991,1992,1993,1994,1995,1996,1997,1998,1999,2000,2001,2002,
2,0,3,3,4,2,1,1,2,1,1,0,0,1,
1990,1991,1992,1993,1994,1995,1996,1997,1998,1999,2000,2001,2002,2003,
1,2,2,3,2,1,3,9,4,2,8,5,6,2,
1992,1993,1994,1995,1996,1997,1998,1999,2000,2001,2002,2003,2004,2005,
2,1,2,3,5,1,1,0,0,1,1,0,0,1,
1989,1990,1991,1992,1993,1994,1995,1996,1997,1998,1999,2000,2001,2002,
2,0,2,1,0,1,0,1,1,0,1,1,0,1,
1991,1992,1993,1994,1995,1996,1997,1998,1999,2000,2001,2002,2003,2004,
4,0,1,0,1,1,1,0,0,0,2,1,2,1,
1990,1991,1992,1993,1994,1995,1996,1997,1998,1999,2000,2001,2002,2003,
1,3,2,5,1,1,2,0,0,2,0,1,0,1,
1990,1991,1992,1993,1994,1995,1996,1997,1998,1999,2000,2001,2002,2003,
3,1,1,4,0,1,1,1,0,0,0,0,0,1,
1989,1990,1991,1992,1993,1994,1995,1996,1997,1998,1999,2000,2001,2002,
1,4,5,2,2,1,1,0,0,0,0,1,0,1,
1991,1992,1993,1994,1995,1996,1997,1998,1999,2000,2001,2002,2003,2004,
3,5,4,0,1,2,1,2,0,0,0,0,3,1,
1989,1990,1991,1992,1993,1994,1995,1996,1997,1998,1999,2000,2001,2002,
2,3,1,1,1,1,1,0,0,0,0,1,0,1,
1989,1990,1991,1992,1993,1994,1995,1996,1997,1998,1999,2000,2001,2002,
1,2,2,0,3,3,4,3,3,4,2,1,0,1,
1990,1991,1992,1993,1994,1995,1996,1997,1998,1999,2000,2001,2002,2003,
3,5,1,1,2,3,2,1,2,0,0,0,0,3,
1989,1990,1991,1992,1993,1994,1995,1996,1997,1998,1999,2000,2001,2002,
2,1,2,2,0,1,1,0,0,0,0,0,1,1,
1989,1990,1991,1992,1993,1994,1995,1996,1997,1998,1999,2000,2001,2002,
3,4,6,1,3,2,1,3,2,1,3,1,0,2,
1989,1990,1991,1992,1993,1994,1995,1996,1997,1998,1999,2000,2001,2002,
6,14,12,18,14,3,7,1,4,1,1,3,3,1,
1989,1990,1991,1992,1993,1994,1995,1996,1997,1998,1999,2000,2001,2002,
1,1,4,2,3,2,8,2,7,1,3,0,3,3,
1990,1991,1992,1993,1994,1995,1996,1997,1998,1999,2000,2001,2002,2003,
1,0,2,1,0,1,0,1,0,1,0,0,1,1,
1991,1992,1993,1994,1995,1996,1997,1998,1999,2000,2001,2002,2003,2004,
1,2,2,0,3,1,0,1,1,2,2,1,0,1,
1991,1992,1993,1994,1995,1996,1997,1998,1999,2000,2001,2002,2003,2004,
2,1,1,0,4,1,1,1,0,0,1,0,0,1,
1990,1991,1992,1993,1994,1995,1996,1997,1998,1999,2000,2001,2002,2003,
1,4,1,0,1,0,1,0,2,1,0,0,0,1,
1990,1991,1992,1993,1994,1995,1996,1997,1998,1999,2000,2001,2002,2003,
1,2,3,0,0,1,0,1,0,1,0,1,1,1,
1990,1991,1992,1993,1994,1995,1996,1997,1998,1999,2000,2001,2002,2003,
1,1,1,0,1,0,0,0,0,2,0,2,4,1,
1989,1990,1991,1992,1993,1994,1995,1996,1997,1998,1999,2000,2001,2002,
1,4,5,1,1,1,0,0,2,0,0,0,2,1,
1990,1991,1992,1993,1994,1995,1996,1997,1998,1999,2000,2001,2002,2003,
2,2,0,1,4,2,2,0,0,1,0,0,0,1,
1995,1996,1997,1998,1999,2000,2001,2002,2003,2004,2005,2006,2007,2008,
1,1,0,0,1,3,1,2,3,1,1,0,4,4,
1989,1990,1991,1992,1993,1994,1995,1996,1997,1998,1999,2000,2001,2002,
1,2,1,3,4,1,0,1,0,0,0,0,0,1,
1996,1997,1998,1999,2000,2001,2002,2003,2004,2005,2006,2007,2008,2009,
1,0,0,0,0,1,2,2,4,0,1,2,5,1,
1996,1997,1998,1999,2000,2001,2002,2003,2004,2005,2006,2007,2008,2009,
2,2,1,0,2,1,0,1,1,0,0,0,0,2,
1990,1991,1992,1993,1994,1995,1996,1997,1998,1999,2000,2001,2002,2003,
2,2,1,0,1,1,1,0,0,2,1,0,0,1,
1988,1989,1990,1991,1992,1993,1994,1995,1996,1997,1998,1999,2000,2001,
3,6,1,5,1,3,0,0,2,1,0,1,0,2,
1995,1996,1997,1998,1999,2000,2001,2002,2003,2004,2005,2006,2007,2008,
1,0,0,0,1,1,0,2,0,0,1,1,2,1,
1989,1990,1991,1992,1993,1994,1995,1996,1997,1998,1999,2000,2001,2002,
3,5,4,3,1,2,1,0,0,0,0,0,0,1,
1990,1991,1992,1993,1994,1995,1996,1997,1998,1999,2000,2001,2002,2003,
1,6,3,1,3,2,0,1,0,0,4,0,0,1,
1986,1987,1988,1989,1990,1991,1992,1993,1994,1995,1996,1997,1998,1999,
1,0,1,1,0,3,1,1,0,1,0,1,0,1,
1991,1992,1993,1994,1995,1996,1997,1998,1999,2000,2001,2002,2003,2004,
2,1,1,1,1,2,2,2,1,0,0,1,1,1,
1990,1991,1992,1993,1994,1995,1996,1997,1998,1999,2000,2001,2002,2003,
2,3,1,1,2,1,0,0,0,0,0,0,2,1,
1990,1991,1992,1993,1994,1995,1996,1997,1998,1999,2000,2001,2002,2003,
2,2,4,3,2,0,2,3,1,1,0,0,1,1,
1988,1989,1990,1991,1992,1993,1994,1995,1996,1997,1998,1999,2000,2001,
2,3,1,3,6,2,1,3,0,1,1,0,0,2,
1990,1991,1992,1993,1994,1995,1996,1997,1998,1999,2000,2001,2002,2003,
5,11,9,12,2,5,2,1,0,2,3,0,2,3,
1991,1992,1993,1994,1995,1996,1997,1998,1999,2000,2001,2002,2003,2004,
1,1,0,1,2,0,2,1,0,2,0,0,0,1,
1989,1990,1991,1992,1993,1994,1995,1996,1997,1998,1999,2000,2001,2002,
2,3,5,1,2,0,2,1,1,0,0,0,1,2,
1993,1994,1995,1996,1997,1998,1999,2000,2001,2002,2003,2004,2005,2006,
1,0,1,0,0,0,1,1,1,0,0,2,2,1,
1989,1990,1991,1992,1993,1994,1995,1996,1997,1998,1999,2000,2001,2002,
3,2,3,5,2,0,1,0,0,0,1,0,0,2,
1993,1994,1995,1996,1997,1998,1999,2000,2001,2002,2003,2004,2005,2006,
1,1,1,0,1,1,1,0,0,0,1,2,1,1,
1996,1997,1998,1999,2000,2001,2002,2003,2004,2005,2006,2007,2008,2009,
1,1,0,3,0,1,2,0,3,2,1,4,4,10,
1988,1989,1990,1991,1992,1993,1994,1995,1996,1997,1998,1999,2000,2001,
5,1,1,3,6,4,0,0,1,0,0,0,0,1,
1989,1990,1991,1992,1993,1994,1995,1996,1997,1998,1999,2000,2001,2002,
1,1,2,1,1,0,1,0,0,1,0,0,0,1,
1990,1991,1992,1993,1994,1995,1996,1997,1998,1999,2000,2001,2002,2003,
3,7,8,5,2,1,1,1,0,1,0,0,0,1,
1990,1991,1992,1993,1994,1995,1996,1997,1998,1999,2000,2001,2002,2003,
1,2,6,3,1,2,0,1,1,1,1,1,1,1,
1990,1991,1992,1993,1994,1995,1996,1997,1998,1999,2000,2001,2002,2003,
2,2,3,2,2,1,0,3,0,0,0,0,0,1,
1989,1990,1991,1992,1993,1994,1995,1996,1997,1998,1999,2000,2001,2002,
1,1,1,0,2,1,1,0,0,0,0,0,1,1,
1996,1997,1998,1999,2000,2001,2002,2003,2004,2005,2006,2007,2008,2009,
1,0,1,0,4,1,4,1,4,2,0,3,4,1,
1989,1990,1991,1992,1993,1994,1995,1996,1997,1998,1999,2000,2001,2002,
1,4,5,3,5,3,2,2,2,1,0,0,1,1,
1990,1991,1992,1993,1994,1995,1996,1997,1998,1999,2000,2001,2002,2003,
1,2,2,1,3,0,2,2,1,1,1,4,2,1,
1990,1991,1992,1993,1994,1995,1996,1997,1998,1999,2000,2001,2002,2003,
4,1,2,6,2,3,0,1,0,3,2,0,0,1,
1989,1990,1991,1992,1993,1994,1995,1996,1997,1998,1999,2000,2001,2002,
2,0,0,0,2,3,3,2,2,0,0,1,0,1,
1996,1997,1998,1999,2000,2001,2002,2003,2004,2005,2006,2007,2008,2009,
1,1,0,0,1,0,3,8,1,0,1,4,4,1,
1991,1992,1993,1994,1995,1996,1997,1998,1999,2000,2001,2002,2003,2004,
4,3,3,0,2,0,0,0,1,0,2,2,0,1,
1996,1997,1998,1999,2000,2001,2002,2003,2004,2005,2006,2007,2008,2009,
1,2,1,0,1,0,0,2,1,1,0,0,0,1,
1995,1996,1997,1998,1999,2000,2001,2002,2003,2004,2005,2006,2007,2008,
4,0,1,0,1,4,1,0,0,0,1,1,0,1,
1992,1993,1994,1995,1996,1997,1998,1999,2000,2001,2002,2003,2004,2005,
1,1,0,1,0,4,0,1,0,1,1,0,0,1,
1994,1995,1996,1997,1998,1999,2000,2001,2002,2003,2004,2005,2006,2007,
1,0,0,8,0,5,4,0,5,3,3,4,0,3,
1991,1992,1993,1994,1995,1996,1997,1998,1999,2000,2001,2002,2003,2004,
1,0,5,1,5,1,0,0,0,1,1,0,0,2,
1996,1997,1998,1999,2000,2001,2002,2003,2004,2005,2006,2007,2008,2009,
1,0,1,1,1,3,0,0,1,1,0,1,0,1,
1994,1995,1996,1997,1998,1999,2000,2001,2002,2003,2004,2005,2006,2007,
2,0,0,0,1,1,0,1,0,1,3,1,0,2,
1995,1996,1997,1998,1999,2000,2001,2002,2003,2004,2005,2006,2007,2008,
1,0,3,1,0,1,0,2,1,1,2,0,1,3,
1991,1992,1993,1994,1995,1996,1997,1998,1999,2000,2001,2002,2003,2004,
4,9,4,0,6,1,2,1,1,0,1,2,1,1,
1996,1997,1998,1999,2000,2001,2002,2003,2004,2005,2006,2007,2008,2009,
1,2,0,0,0,1,0,2,0,1,1,0,1,1,
1995,1996,1997,1998,1999,2000,2001,2002,2003,2004,2005,2006,2007,2008,
1,0,0,1,1,2,1,7,1,1,1,3,0,1,
1991,1992,1993,1994,1995,1996,1997,1998,1999,2000,2001,2002,2003,2004,
1,4,2,2,7,1,4,0,1,3,2,0,1,2,
1992,1993,1994,1995,1996,1997,1998,1999,2000,2001,2002,2003,2004,2005,
3,0,1,2,1,5,0,1,0,0,1,1,0,1,
1993,1994,1995,1996,1997,1998,1999,2000,2001,2002,2003,2004,2005,2006,
1,0,4,0,2,1,1,5,0,6,0,0,0,1,
1993,1994,1995,1996,1997,1998,1999,2000,2001,2002,2003,2004,2005,2006,
3,2,2,2,6,0,1,1,0,1,1,0,0,1,
1994,1995,1996,1997,1998,1999,2000,2001,2002,2003,2004,2005,2006,2007,
1,1,1,1,0,1,0,2,3,0,1,1,0,1,
1995,1996,1997,1998,1999,2000,2001,2002,2003,2004,2005,2006,2007,2008,
1,0,1,2,0,1,2,6,4,2,2,0,4,1,
1995,1996,1997,1998,1999,2000,2001,2002,2003,2004,2005,2006,2007,2008,
2,0,2,1,3,1,2,2,0,0,2,0,0,1,
1990,1991,1992,1993,1994,1995,1996,1997,1998,1999,2000,2001,2002,2003,
1,1,3,5,2,2,1,1,0,2,1,1,2,1,
1995,1996,1997,1998,1999,2000,2001,2002,2003,2004,2005,2006,2007,2008,
1,0,1,0,1,0,2,1,1,1,1,1,1,3,
1991,1992,1993,1994,1995,1996,1997,1998,1999,2000,2001,2002,2003,2004,
1,2,1,1,0,0,1,1,0,0,3,2,2,2,
1991,1992,1993,1994,1995,1996,1997,1998,1999,2000,2001,2002,2003,2004,
1,0,2,1,1,2,3,1,0,1,3,0,0,1,
1995,1996,1997,1998,1999,2000,2001,2002,2003,2004,2005,2006,2007,2008,
2,0,4,0,1,0,0,3,1,3,0,1,0,2,
1996,1997,1998,1999,2000,2001,2002,2003,2004,2005,2006,2007,2008,2009,
1,1,2,2,0,3,0,1,1,0,1,0,1,1,
1994,1995,1996,1997,1998,1999,2000,2001,2002,2003,2004,2005,2006,2007,
1,1,0,4,1,1,4,0,4,1,0,0,1,1,
1993,1994,1995,1996,1997,1998,1999,2000,2001,2002,2003,2004,2005,2006,
1,0,1,1,2,2,1,3,1,2,3,0,0,1,
1995,1996,1997,1998,1999,2000,2001,2002,2003,2004,2005,2006,2007,2008,
1,0,1,0,2,1,1,1,0,0,1,1,0,1,
1993,1994,1995,1996,1997,1998,1999,2000,2001,2002,2003,2004,2005,2006,
6,1,0,2,2,1,1,1,1,1,0,1,0,1,
1995,1996,1997,1998,1999,2000,2001,2002,2003,2004,2005,2006,2007,2008,
1,1,2,2,0,0,1,2,0,0,1,0,0,1,
1991,1992,1993,1994,1995,1996,1997,1998,1999,2000,2001,2002,2003,2004,
3,6,2,0,4,1,2,0,0,0,2,2,0,1,
1993,1994,1995,1996,1997,1998,1999,2000,2001,2002,2003,2004,2005,2006,
4,0,4,1,6,0,3,3,2,2,0,0,1,1,
1990,1991,1992,1993,1994,1995,1996,1997,1998,1999,2000,2001,2002,2003,
1,1,4,2,1,1,1,0,0,0,0,0,0,1,
1993,1994,1995,1996,1997,1998,1999,2000,2001,2002,2003,2004,2005,2006,
2,2,1,0,0,2,0,0,2,2,1,2,0,1,
1993,1994,1995,1996,1997,1998,1999,2000,2001,2002,2003,2004,2005,2006,
1,3,3,1,3,0,1,1,0,0,0,0,0,1,
1992,1993,1994,1995,1996,1997,1998,1999,2000,2001,2002,2003,2004,2005,
3,4,0,2,2,3,0,0,2,2,1,1,0,1,
1994,1995,1996,1997,1998,1999,2000,2001,2002,2003,2004,2005,2006,2007,
1,2,0,0,2,1,0,1,0,0,1,0,1,1,
1992,1993,1994,1995,1996,1997,1998,1999,2000,2001,2002,2003,2004,2005,
2,0,0,0,1,1,0,0,1,1,2,1,1,1,
1991,1992,1993,1994,1995,1996,1997,1998,1999,2000,2001,2002,2003,2004,
1,5,9,7,15,6,6,5,3,2,6,3,4,2,
1996,1997,1998,1999,2000,2001,2002,2003,2004,2005,2006,2007,2008,2009,
1,0,0,0,1,0,1,2,0,1,1,2,1,6,
1993,1994,1995,1996,1997,1998,1999,2000,2001,2002,2003,2004,2005,2006,
7,1,2,0,0,3,0,1,0,1,1,0,0,1,
1990,1991,1992,1993,1994,1995,1996,1997,1998,1999,2000,2001,2002,2003,
1,2,3,2,3,1,0,2,0,0,0,0,0,1,
1990,1991,1992,1993,1994,1995,1996,1997,1998,1999,2000,2001,2002,2003,
1,0,1,6,1,5,2,0,0,1,2,0,0,1,
1996,1997,1998,1999,2000,2001,2002,2003,2004,2005,2006,2007,2008,2009,
1,2,0,0,0,0,1,2,1,2,0,2,5,2,
1995,1996,1997,1998,1999,2000,2001,2002,2003,2004,2005,2006,2007,2008,
4,0,3,9,2,3,3,3,2,0,1,2,0,1,
1993,1994,1995,1996,1997,1998,1999,2000,2001,2002,2003,2004,2005,2006,
2,1,3,0,4,0,0,0,2,1,0,0,1,3,
1996,1997,1998,1999,2000,2001,2002,2003,2004,2005,2006,2007,2008,2009,
1,2,2,0,0,0,1,3,2,1,1,6,2,1,
1995,1996,1997,1998,1999,2000,2001,2002,2003,2004,2005,2006,2007,2008,
3,1,2,2,2,1,6,0,0,0,2,1,0,1,
1993,1994,1995,1996,1997,1998,1999,2000,2001,2002,2003,2004,2005,2006,
1,0,2,1,1,1,1,1,1,1,2,1,0,1,
1993,1994,1995,1996,1997,1998,1999,2000,2001,2002,2003,2004,2005,2006,
1,1,2,2,0,2,2,2,2,1,0,0,0,1,
1992,1993,1994,1995,1996,1997,1998,1999,2000,2001,2002,2003,2004,2005,
1,4,0,1,1,1,0,2,2,0,3,0,0,1,
1985,1986,1987,1988,1989,1990,1991,1992,1993,1994,1995,1996,1997,1998,
2,0,1,0,1,3,2,1,2,0,0,1,0,1,
1976,1977,1978,1979,1980,1981,1982,1983,1984,1985,1986,1987,1988,1989,
3,3,2,0,0,0,1,1,0,0,0,1,2,3,
1980,1981,1982,1983,1984,1985,1986,1987,1988,1989,1990,1991,1992,1993,
1,3,1,2,3,2,1,0,1,0,0,1,0,1,
1982,1983,1984,1985,1986,1987,1988,1989,1990,1991,1992,1993,1994,1995,
6,7,2,0,5,13,10,5,3,4,2,0,2,2,
1982,1983,1984,1985,1986,1987,1988,1989,1990,1991,1992,1993,1994,1995,
2,2,4,0,1,1,4,1,0,1,0,0,0,1,
1983,1984,1985,1986,1987,1988,1989,1990,1991,1992,1993,1994,1995,1996,
1,0,0,0,1,1,1,1,2,0,1,0,0,1,
1982,1983,1984,1985,1986,1987,1988,1989,1990,1991,1992,1993,1994,1995,
2,3,2,0,0,3,2,2,1,0,2,0,0,2,
1982,1983,1984,1985,1986,1987,1988,1989,1990,1991,1992,1993,1994,1995,
1,1,1,0,0,0,1,2,2,0,0,0,1,1,
1975,1976,1977,1978,1979,1980,1981,1982,1983,1984,1985,1986,1987,1988,
2,1,2,1,1,1,1,1,0,0,0,0,0,2,
1985,1986,1987,1988,1989,1990,1991,1992,1993,1994,1995,1996,1997,1998,
1,2,3,4,2,1,0,1,1,0,0,0,0,1,
1996,1997,1998,1999,2000,2001,2002,2003,2004,2005,2006,2007,2008,2009,
1,1,2,0,4,3,3,3,1,1,0,0,0,1,
1982,1983,1984,1985,1986,1987,1988,1989,1990,1991,1992,1993,1994,1995,
3,5,3,0,0,2,2,2,1,2,0,1,0,1,
1979,1980,1981,1982,1983,1984,1985,1986,1987,1988,1989,1990,1991,1992,
2,2,5,2,0,0,1,1,0,0,1,0,0,1,
1984,1985,1986,1987,1988,1989,1990,1991,1992,1993,1994,1995,1996,1997,
1,0,1,1,0,1,0,0,1,0,1,1,1,3,
1980,1981,1982,1983,1984,1985,1986,1987,1988,1989,1990,1991,1992,1993,
1,4,2,1,1,1,2,1,1,3,0,0,0,1,
1997,1998,1999,2000,2001,2002,2003,2004,2005,2006,2007,2008,2009,2010,
1,0,0,1,1,0,0,1,2,1,0,3,0,1,
1996,1997,1998,1999,2000,2001,2002,2003,2004,2005,2006,2007,2008,2009,
1,0,0,0,0,1,1,2,1,0,1,1,2,1,
1995,1996,1997,1998,1999,2000,2001,2002,2003,2004,2005,2006,2007,2008,
1,0,3,1,1,5,1,1,0,0,1,0,1,1,
1996,1997,1998,1999,2000,2001,2002,2003,2004,2005,2006,2007,2008,2009,
5,2,3,5,2,4,1,4,3,2,1,3,3,3,
1995,1996,1997,1998,1999,2000,2001,2002,2003,2004,2005,2006,2007,2008,
1,2,2,3,0,2,2,2,1,0,1,0,2,1,
1996,1997,1998,1999,2000,2001,2002,2003,2004,2005,2006,2007,2008,2009,
1,1,2,1,0,2,4,1,1,1,1,2,3,1,
1996,1997,1998,1999,2000,2001,2002,2003,2004,2005,2006,2007,2008,2009,
3,3,0,0,1,1,0,0,1,1,3,7,6,7,
1996,1997,1998,1999,2000,2001,2002,2003,2004,2005,2006,2007,2008,2009,
2,1,2,4,1,1,1,0,0,1,2,0,2,1,
1995,1996,1997,1998,1999,2000,2001,2002,2003,2004,2005,2006,2007,2008,
1,4,2,1,0,5,1,0,0,2,0,0,1,1,
1995,1996,1997,1998,1999,2000,2001,2002,2003,2004,2005,2006,2007,2008,
1,0,1,0,2,2,0,1,1,0,0,0,1,1,
1996,1997,1998,1999,2000,2001,2002,2003,2004,2005,2006,2007,2008,2009,
2,1,1,2,2,2,9,4,1,1,2,3,1,5,
1996,1997,1998,1999,2000,2001,2002,2003,2004,2005,2006,2007,2008,2009,
1,5,3,1,0,3,4,0,1,2,2,0,0,1,
1996,1997,1998,1999,2000,2001,2002,2003,2004,2005,2006,2007,2008,2009,
1,0,1,1,2,0,1,1,0,1,0,2,0,1,
1996,1997,1998,1999,2000,2001,2002,2003,2004,2005,2006,2007,2008,2009,
2,3,1,4,10,5,9,10,5,1,1,2,0,5,
1996,1997,1998,1999,2000,2001,2002,2003,2004,2005,2006,2007,2008,2009,
1,1,0,2,2,1,4,1,0,3,1,0,0,1,
1996,1997,1998,1999,2000,2001,2002,2003,2004,2005,2006,2007,2008,2009,
5,5,4,7,4,8,4,3,2,8,3,4,6,9,
1996,1997,1998,1999,2000,2001,2002,2003,2004,2005,2006,2007,2008,2009,
1,1,1,2,5,2,2,0,1,0,0,1,1,2,
1996,1997,1998,1999,2000,2001,2002,2003,2004,2005,2006,2007,2008,2009,
1,1,2,4,6,5,4,7,1,1,3,3,3,3,
1996,1997,1998,1999,2000,2001,2002,2003,2004,2005,2006,2007,2008,2009,
3,8,8,9,6,5,7,4,2,1,0,3,1,1,
1996,1997,1998,1999,2000,2001,2002,2003,2004,2005,2006,2007,2008,2009,
1,3,1,0,2,2,0,1,0,0,2,2,2,1,
1996,1997,1998,1999,2000,2001,2002,2003,2004,2005,2006,2007,2008,2009,
3,3,3,1,1,2,4,8,2,9,1,2,9,9,
1996,1997,1998,1999,2000,2001,2002,2003,2004,2005,2006,2007,2008,2009,
2,4,2,5,2,0,1,4,0,0,0,1,3,4,
1995,1996,1997,1998,1999,2000,2001,2002,2003,2004,2005,2006,2007,2008,
2,1,5,0,4,3,1,3,0,1,2,1,0,1,
1996,1997,1998,1999,2000,2001,2002,2003,2004,2005,2006,2007,2008,2009,
1,8,4,6,5,8,6,6,0,2,0,5,3,4,
1997,1998,1999,2000,2001,2002,2003,2004,2005,2006,2007,2008,2009,2010,
2,1,0,2,1,3,0,0,1,0,4,4,10,1,
1996,1997,1998,1999,2000,2001,2002,2003,2004,2005,2006,2007,2008,2009,
1,4,1,2,5,4,3,2,2,2,1,2,0,1,
1996,1997,1998,1999,2000,2001,2002,2003,2004,2005,2006,2007,2008,2009,
2,4,1,0,0,2,1,2,0,2,0,1,0,1,
1995,1996,1997,1998,1999,2000,2001,2002,2003,2004,2005,2006,2007,2008,
1,2,2,1,1,1,0,0,0,1,0,0,1,1,
1996,1997,1998,1999,2000,2001,2002,2003,2004,2005,2006,2007,2008,2009,
1,2,1,2,2,1,0,0,0,0,0,2,2,1,
1996,1997,1998,1999,2000,2001,2002,2003,2004,2005,2006,2007,2008,2009,
1,3,3,12,8,6,3,4,8,2,3,4,2,7,
1996,1997,1998,1999,2000,2001,2002,2003,2004,2005,2006,2007,2008,2009,
1,1,0,0,1,1,2,1,0,1,0,4,1,1,
1995,1996,1997,1998,1999,2000,2001,2002,2003,2004,2005,2006,2007,2008,
1,0,1,0,1,1,2,2,2,0,1,2,2,8,
1996,1997,1998,1999,2000,2001,2002,2003,2004,2005,2006,2007,2008,2009,
1,2,3,1,5,2,6,5,3,4,2,3,3,2,
1995,1996,1997,1998,1999,2000,2001,2002,2003,2004,2005,2006,2007,2008,
1,2,2,2,0,2,3,1,1,2,0,1,2,2,
1996,1997,1998,1999,2000,2001,2002,2003,2004,2005,2006,2007,2008,2009,
1,1,4,2,9,6,3,11,7,8,12,15,19,20,
1996,1997,1998,1999,2000,2001,2002,2003,2004,2005,2006,2007,2008,2009,
1,0,0,0,0,1,0,3,2,0,1,5,3,2,
1996,1997,1998,1999,2000,2001,2002,2003,2004,2005,2006,2007,2008,2009,
3,2,1,1,6,0,1,3,1,1,2,1,2,1,
1996,1997,1998,1999,2000,2001,2002,2003,2004,2005,2006,2007,2008,2009,
3,3,2,3,1,2,2,0,1,1,1,0,2,3,
1995,1996,1997,1998,1999,2000,2001,2002,2003,2004,2005,2006,2007,2008,
2,2,3,1,5,6,5,1,3,1,0,1,0,1,
1996,1997,1998,1999,2000,2001,2002,2003,2004,2005,2006,2007,2008,2009,
1,5,4,3,12,5,4,6,3,2,0,1,3,3,
1996,1997,1998,1999,2000,2001,2002,2003,2004,2005,2006,2007,2008,2009,
1,3,3,1,2,2,2,0,1,0,2,1,0,2,
1995,1996,1997,1998,1999,2000,2001,2002,2003,2004,2005,2006,2007,2008,
1,2,0,0,0,1,2,1,0,1,1,1,1,1,
1996,1997,1998,1999,2000,2001,2002,2003,2004,2005,2006,2007,2008,2009,
1,1,0,3,3,7,3,0,0,1,1,3,4,1,
1994,1995,1996,1997,1998,1999,2000,2001,2002,2003,2004,2005,2006,2007,
1,3,0,2,2,0,2,2,0,1,0,0,0,1,
1996,1997,1998,1999,2000,2001,2002,2003,2004,2005,2006,2007,2008,2009,
1,1,2,0,1,2,3,2,3,0,0,2,2,1,
1995,1996,1997,1998,1999,2000,2001,2002,2003,2004,2005,2006,2007,2008,
2,0,0,4,3,2,2,1,0,0,0,1,1,1,
1996,1997,1998,1999,2000,2001,2002,2003,2004,2005,2006,2007,2008,2009,
1,1,1,0,1,0,2,2,0,5,2,0,3,1,
1996,1997,1998,1999,2000,2001,2002,2003,2004,2005,2006,2007,2008,2009,
4,7,3,2,3,3,1,3,0,0,1,2,0,2,
1996,1997,1998,1999,2000,2001,2002,2003,2004,2005,2006,2007,2008,2009,
3,6,1,3,4,4,1,0,2,6,0,2,2,1,
1995,1996,1997,1998,1999,2000,2001,2002,2003,2004,2005,2006,2007,2008,
1,3,8,0,3,4,3,2,2,1,0,0,4,1,
1996,1997,1998,1999,2000,2001,2002,2003,2004,2005,2006,2007,2008,2009,
1,1,1,1,5,3,2,4,0,1,1,2,1,2,
1996,1997,1998,1999,2000,2001,2002,2003,2004,2005,2006,2007,2008,2009,
1,0,3,4,8,10,9,9,3,4,1,2,6,1,
1995,1996,1997,1998,1999,2000,2001,2002,2003,2004,2005,2006,2007,2008,
1,1,0,0,0,0,1,3,3,0,2,0,1,1,
1996,1997,1998,1999,2000,2001,2002,2003,2004,2005,2006,2007,2008,2009,
1,3,2,1,3,3,2,2,0,3,0,1,4,5,
1996,1997,1998,1999,2000,2001,2002,2003,2004,2005,2006,2007,2008,2009,
1,6,5,1,7,5,5,5,0,1,1,1,0,2,
1987,1988,1989,1990,1991,1992,1993,1994,1995,1996,1997,1998,1999,2000,
1,0,1,0,1,2,3,1,4,0,0,1,1,1,
1996,1997,1998,1999,2000,2001,2002,2003,2004,2005,2006,2007,2008,2009,
1,5,5,7,3,2,3,4,2,1,0,1,4,3,
1996,1997,1998,1999,2000,2001,2002,2003,2004,2005,2006,2007,2008,2009,
1,8,0,7,14,3,3,6,2,2,0,4,4,5,
1996,1997,1998,1999,2000,2001,2002,2003,2004,2005,2006,2007,2008,2009,
1,2,2,2,3,2,3,1,2,1,1,2,3,3,
1995,1996,1997,1998,1999,2000,2001,2002,2003,2004,2005,2006,2007,2008,
3,1,1,0,0,2,2,1,1,1,0,1,1,2,
1996,1997,1998,1999,2000,2001,2002,2003,2004,2005,2006,2007,2008,2009,
1,2,2,1,4,2,5,0,0,2,0,0,4,1,
1996,1997,1998,1999,2000,2001,2002,2003,2004,2005,2006,2007,2008,2009,
5,9,4,1,5,6,3,1,1,0,0,1,1,1,
1996,1997,1998,1999,2000,2001,2002,2003,2004,2005,2006,2007,2008,2009,
3,4,3,8,13,15,9,10,10,9,7,2,9,6,
1996,1997,1998,1999,2000,2001,2002,2003,2004,2005,2006,2007,2008,2009,
1,2,0,1,1,1,0,0,2,0,0,1,0,2,
1995,1996,1997,1998,1999,2000,2001,2002,2003,2004,2005,2006,2007,2008,
6,2,0,4,3,3,4,5,1,1,0,0,0,1,
1996,1997,1998,1999,2000,2001,2002,2003,2004,2005,2006,2007,2008,2009,
4,4,0,4,10,6,3,1,3,1,0,2,1,2,
1995,1996,1997,1998,1999,2000,2001,2002,2003,2004,2005,2006,2007,2008,
2,0,3,0,1,2,0,1,1,0,0,1,0,1,
1996,1997,1998,1999,2000,2001,2002,2003,2004,2005,2006,2007,2008,2009,
1,2,0,2,1,2,3,3,1,3,0,2,3,2,
1996,1997,1998,1999,2000,2001,2002,2003,2004,2005,2006,2007,2008,2009,
1,2,0,1,0,2,0,0,0,3,1,1,4,2,
1996,1997,1998,1999,2000,2001,2002,2003,2004,2005,2006,2007,2008,2009,
1,2,0,0,3,2,2,3,0,3,0,2,1,4,
1996,1997,1998,1999,2000,2001,2002,2003,2004,2005,2006,2007,2008,2009,
3,1,3,1,10,2,3,3,1,3,2,3,3,1,
1996,1997,1998,1999,2000,2001,2002,2003,2004,2005,2006,2007,2008,2009,
1,0,1,2,0,1,1,1,1,3,0,0,0,2,
1996,1997,1998,1999,2000,2001,2002,2003,2004,2005,2006,2007,2008,2009,
2,1,0,1,1,2,2,2,0,0,0,0,0,1,
1996,1997,1998,1999,2000,2001,2002,2003,2004,2005,2006,2007,2008,2009,
2,6,2,5,5,4,5,2,2,1,1,0,1,3,
1995,1996,1997,1998,1999,2000,2001,2002,2003,2004,2005,2006,2007,2008,
1,0,1,0,4,3,2,3,2,0,2,0,0,2,
1996,1997,1998,1999,2000,2001,2002,2003,2004,2005,2006,2007,2008,2009,
1,2,3,6,3,2,3,3,1,6,1,0,0,1,
1996,1997,1998,1999,2000,2001,2002,2003,2004,2005,2006,2007,2008,2009,
1,1,0,1,2,0,2,0,1,1,0,2,0,1,
1996,1997,1998,1999,2000,2001,2002,2003,2004,2005,2006,2007,2008,2009,
2,1,0,0,2,2,0,1,0,0,0,2,5,1,
1996,1997,1998,1999,2000,2001,2002,2003,2004,2005,2006,2007,2008,2009,
1,5,7,2,5,1,0,0,0,0,1,1,2,1,
1996,1997,1998,1999,2000,2001,2002,2003,2004,2005,2006,2007,2008,2009,
4,4,1,2,11,3,6,2,4,2,0,3,1,3,
1995,1996,1997,1998,1999,2000,2001,2002,2003,2004,2005,2006,2007,2008,
2,2,1,2,3,1,0,2,2,1,1,1,0,3,
1995,1996,1997,1998,1999,2000,2001,2002,2003,2004,2005,2006,2007,2008,
3,3,1,5,1,2,2,3,0,1,1,0,2,1,
1996,1997,1998,1999,2000,2001,2002,2003,2004,2005,2006,2007,2008,2009,
1,0,1,1,2,2,0,2,0,2,0,2,2,1,
1996,1997,1998,1999,2000,2001,2002,2003,2004,2005,2006,2007,2008,2009,
1,7,4,13,13,13,14,10,15,6,9,17,12,13,
1995,1996,1997,1998,1999,2000,2001,2002,2003,2004,2005,2006,2007,2008,
2,3,3,2,4,2,2,2,1,0,4,0,0,2,
1996,1997,1998,1999,2000,2001,2002,2003,2004,2005,2006,2007,2008,2009,
5,14,9,13,13,9,9,9,4,2,4,7,6,5,
1996,1997,1998,1999,2000,2001,2002,2003,2004,2005,2006,2007,2008,2009,
1,1,2,2,5,4,8,2,2,2,3,2,4,2,
1996,1997,1998,1999,2000,2001,2002,2003,2004,2005,2006,2007,2008,2009,
1,1,0,1,0,1,0,0,0,1,0,1,3,1,
1996,1997,1998,1999,2000,2001,2002,2003,2004,2005,2006,2007,2008,2009,
3,11,4,7,11,9,5,8,6,12,2,6,3,5,
1996,1997,1998,1999,2000,2001,2002,2003,2004,2005,2006,2007,2008,2009,
3,0,1,0,8,6,5,3,4,1,0,6,6,3,
1995,1996,1997,1998,1999,2000,2001,2002,2003,2004,2005,2006,2007,2008,
1,2,4,4,1,1,0,1,0,0,0,1,1,1,
1996,1997,1998,1999,2000,2001,2002,2003,2004,2005,2006,2007,2008,2009,
2,5,3,8,9,12,10,4,4,1,7,4,7,9,
1995,1996,1997,1998,1999,2000,2001,2002,2003,2004,2005,2006,2007,2008,
1,0,2,0,0,1,0,1,1,2,1,0,0,1,
1995,1996,1997,1998,1999,2000,2001,2002,2003,2004,2005,2006,2007,2008,
2,0,0,0,2,1,1,0,2,1,0,1,0,1,
1997,1998,1999,2000,2001,2002,2003,2004,2005,2006,2007,2008,2009,2010,
3,0,5,11,7,8,7,4,4,3,4,5,3,1,
1996,1997,1998,1999,2000,2001,2002,2003,2004,2005,2006,2007,2008,2009,
1,3,1,0,1,1,1,0,0,2,2,0,6,1,
1995,1996,1997,1998,1999,2000,2001,2002,2003,2004,2005,2006,2007,2008,
1,1,9,2,7,6,5,5,2,4,5,3,5,2,
1996,1997,1998,1999,2000,2001,2002,2003,2004,2005,2006,2007,2008,2009,
1,6,1,1,1,3,5,2,1,3,3,3,4,5,
1996,1997,1998,1999,2000,2001,2002,2003,2004,2005,2006,2007,2008,2009,
1,3,0,2,5,4,5,4,0,1,1,1,0,2,
1996,1997,1998,1999,2000,2001,2002,2003,2004,2005,2006,2007,2008,2009,
1,4,2,1,3,0,4,3,2,8,3,6,13,7,
1996,1997,1998,1999,2000,2001,2002,2003,2004,2005,2006,2007,2008,2009,
1,0,1,0,0,0,2,1,1,0,1,0,3,1,
1995,1996,1997,1998,1999,2000,2001,2002,2003,2004,2005,2006,2007,2008,
2,2,2,0,1,3,2,0,0,2,3,1,0,2,
1995,1996,1997,1998,1999,2000,2001,2002,2003,2004,2005,2006,2007,2008,
1,2,0,2,3,2,2,0,0,1,0,0,0,2,
1996,1997,1998,1999,2000,2001,2002,2003,2004,2005,2006,2007,2008,2009,
1,1,1,1,0,4,1,1,1,1,4,1,2,6,
1996,1997,1998,1999,2000,2001,2002,2003,2004,2005,2006,2007,2008,2009,
2,2,1,3,1,0,0,0,0,0,0,1,2,1,
1995,1996,1997,1998,1999,2000,2001,2002,2003,2004,2005,2006,2007,2008,
1,0,3,0,0,4,2,1,1,0,2,2,0,1,
1996,1997,1998,1999,2000,2001,2002,2003,2004,2005,2006,2007,2008,2009,
1,0,0,2,1,2,1,0,0,1,0,1,1,1,
1996,1997,1998,1999,2000,2001,2002,2003,2004,2005,2006,2007,2008,2009,
3,4,0,2,1,1,5,1,0,1,1,1,7,2,
1996,1997,1998,1999,2000,2001,2002,2003,2004,2005,2006,2007,2008,2009,
1,1,3,1,1,1,1,1,0,0,0,1,0,1,
1995,1996,1997,1998,1999,2000,2001,2002,2003,2004,2005,2006,2007,2008,
1,1,1,2,0,1,2,0,0,0,1,2,1,1,
1996,1997,1998,1999,2000,2001,2002,2003,2004,2005,2006,2007,2008,2009,
2,1,0,1,3,1,1,0,0,2,1,0,3,1,
1995,1996,1997,1998,1999,2000,2001,2002,2003,2004,2005,2006,2007,2008,
1,0,2,0,1,1,1,0,2,3,1,1,0,2,
1995,1996,1997,1998,1999,2000,2001,2002,2003,2004,2005,2006,2007,2008,
1,0,1,1,1,1,1,1,2,0,0,1,0,1,
1986,1987,1988,1989,1990,1991,1992,1993,1994,1995,1996,1997,1998,1999,
5,3,6,2,7,2,1,4,0,1,0,1,0,1,
1996,1997,1998,1999,2000,2001,2002,2003,2004,2005,2006,2007,2008,2009,
1,6,6,5,7,3,1,5,1,2,2,3,4,1,
1996,1997,1998,1999,2000,2001,2002,2003,2004,2005,2006,2007,2008,2009,
2,2,2,3,5,2,1,1,0,1,0,0,0,2,
1995,1996,1997,1998,1999,2000,2001,2002,2003,2004,2005,2006,2007,2008,
5,0,2,1,0,0,0,2,1,0,1,1,0,1,
1995,1996,1997,1998,1999,2000,2001,2002,2003,2004,2005,2006,2007,2008,
1,1,2,0,1,2,0,3,2,0,0,1,4,2,
1996,1997,1998,1999,2000,2001,2002,2003,2004,2005,2006,2007,2008,2009,
1,3,0,3,1,1,0,1,1,0,0,1,0,1,
1994,1995,1996,1997,1998,1999,2000,2001,2002,2003,2004,2005,2006,2007,
1,0,0,3,0,1,2,0,1,2,0,2,0,2,
