2000,2001,2002,2003,2004,2005,2006,2007,2008,2009,
1,0,1,0,0,0,1,15,3,7,
2000,2001,2002,2003,2004,2005,2006,2007,2008,2009,
1,1,1,2,2,1,0,0,0,1,
2000,2001,2002,2003,2004,2005,2006,2007,2008,2009,
1,0,1,2,3,4,1,0,1,1,
1998,1999,2000,2001,2002,2003,2004,2005,2006,2007,
1,0,2,0,1,1,0,1,1,1,
1998,1999,2000,2001,2002,2003,2004,2005,2006,2007,
1,2,3,4,1,0,0,0,0,1,
1998,1999,2000,2001,2002,2003,2004,2005,2006,2007,
1,1,0,1,4,1,3,0,0,1,
2000,2001,2002,2003,2004,2005,2006,2007,2008,2009,
1,0,4,2,0,1,1,0,0,1,
1999,2000,2001,2002,2003,2004,2005,2006,2007,2008,
8,9,4,6,10,5,2,0,1,4,
1999,2000,2001,2002,2003,2004,2005,2006,2007,2008,
2,3,1,5,1,0,3,1,0,2,
1996,1997,1998,1999,2000,2001,2002,2003,2004,2005,
1,2,0,0,2,1,0,1,0,1,
1999,2000,2001,2002,2003,2004,2005,2006,2007,2008,
1,3,0,0,1,0,1,1,0,2,
1998,1999,2000,2001,2002,2003,2004,2005,2006,2007,
1,1,0,1,1,0,0,0,1,1,
2000,2001,2002,2003,2004,2005,2006,2007,2008,2009,
1,0,0,1,2,1,2,1,1,1,
2000,2001,2002,2003,2004,2005,2006,2007,2008,2009,
3,1,0,1,1,3,1,2,1,1,
1999,2000,2001,2002,2003,2004,2005,2006,2007,2008,
1,2,0,2,1,1,1,0,2,1,
1999,2000,2001,2002,2003,2004,2005,2006,2007,2008,
1,1,0,1,0,0,0,2,1,1,
1999,2000,2001,2002,2003,2004,2005,2006,2007,2008,
2,1,3,8,4,1,3,0,1,3,
2000,2001,2002,2003,2004,2005,2006,2007,2008,2009,
1,2,4,1,0,1,1,5,3,6,
1995,1996,1997,1998,1999,2000,2001,2002,2003,2004,
2,1,1,0,0,3,1,0,0,1,
2000,2001,2002,2003,2004,2005,2006,2007,2008,2009,
2,1,0,1,0,1,0,0,1,1,
2000,2001,2002,2003,2004,2005,2006,2007,2008,2009,
6,1,4,5,5,8,2,7,3,6,
1997,1998,1999,2000,2001,2002,2003,2004,2005,2006,
1,0,0,1,1,1,1,0,0,1,
1997,1998,1999,2000,2001,2002,2003,2004,2005,2006,
1,0,0,3,1,3,1,0,2,4,
1998,1999,2000,2001,2002,2003,2004,2005,2006,2007,
2,1,0,1,1,1,0,1,0,1,
2000,2001,2002,2003,2004,2005,2006,2007,2008,2009,
2,0,1,1,2,1,0,3,3,2,
2000,2001,2002,2003,2004,2005,2006,2007,2008,2009,
1,0,1,2,2,0,1,3,3,1,
2000,2001,2002,2003,2004,2005,2006,2007,2008,2009,
1,1,3,1,0,0,2,4,3,4,
1999,2000,2001,2002,2003,2004,2005,2006,2007,2008,
1,2,0,3,1,1,1,0,0,1,
2000,2001,2002,2003,2004,2005,2006,2007,2008,2009,
2,1,1,2,1,5,1,2,0,1,
2000,2001,2002,2003,2004,2005,2006,2007,2008,2009,
1,0,8,5,1,3,2,1,2,4,
1998,1999,2000,2001,2002,2003,2004,2005,2006,2007,
1,5,1,0,0,0,1,0,1,3,
1994,1995,1996,1997,1998,1999,2000,2001,2002,2003,
1,0,1,0,2,3,0,2,1,1,
2000,2001,2002,2003,2004,2005,2006,2007,2008,2009,
4,2,4,5,2,3,1,7,3,5,
2000,2001,2002,2003,2004,2005,2006,2007,2008,2009,
1,0,1,1,0,0,3,2,2,6,
2000,2001,2002,2003,2004,2005,2006,2007,2008,2009,
1,0,0,0,1,1,0,1,1,5,
2000,2001,2002,2003,2004,2005,2006,2007,2008,2009,
3,0,2,1,0,1,0,0,1,2,
1998,1999,2000,2001,2002,2003,2004,2005,2006,2007,
1,6,6,5,2,2,0,1,0,1,
2000,2001,2002,2003,2004,2005,2006,2007,2008,2009,
1,0,0,1,2,0,1,0,2,1,
1999,2000,2001,2002,2003,2004,2005,2006,2007,2008,
1,0,0,1,0,0,1,1,2,1,
1991,1992,1993,1994,1995,1996,1997,1998,1999,2000,
1,1,1,0,1,0,0,0,1,1,
1999,2000,2001,2002,2003,2004,2005,2006,2007,2008,
1,0,1,1,0,0,1,3,1,1,
1997,1998,1999,2000,2001,2002,2003,2004,2005,2006,
1,4,5,2,2,3,1,2,2,2,
2000,2001,2002,2003,2004,2005,2006,2007,2008,2009,
1,2,1,0,0,1,0,0,1,1,
2000,2001,2002,2003,2004,2005,2006,2007,2008,2009,
3,2,4,2,3,1,1,2,2,1,
1999,2000,2001,2002,2003,2004,2005,2006,2007,2008,
2,1,0,2,1,0,2,1,0,1,
2000,2001,2002,2003,2004,2005,2006,2007,2008,2009,
2,0,1,1,1,1,1,1,1,1,
1999,2000,2001,2002,2003,2004,2005,2006,2007,2008,
1,0,2,1,0,1,1,1,0,1,
1999,2000,2001,2002,2003,2004,2005,2006,2007,2008,
1,1,1,2,1,0,1,0,1,3,
2000,2001,2002,2003,2004,2005,2006,2007,2008,2009,
2,0,1,2,2,1,2,0,0,1,
2000,2001,2002,2003,2004,2005,2006,2007,2008,2009,
9,5,1,3,2,3,1,3,4,3,
2000,2001,2002,2003,2004,2005,2006,2007,2008,2009,
2,1,2,0,0,1,1,0,0,1,
2000,2001,2002,2003,2004,2005,2006,2007,2008,2009,
1,1,1,1,3,4,3,3,1,1,
1999,2000,2001,2002,2003,2004,2005,2006,2007,2008,
1,6,5,6,3,0,1,0,0,1,
2000,2001,2002,2003,2004,2005,2006,2007,2008,2009,
1,3,2,3,2,0,0,2,1,1,
1999,2000,2001,2002,2003,2004,2005,2006,2007,2008,
1,2,8,8,4,4,2,2,4,6,
2000,2001,2002,2003,2004,2005,2006,2007,2008,2009,
1,3,5,5,3,2,0,2,2,5,
1994,1995,1996,1997,1998,1999,2000,2001,2002,2003,
1,4,1,1,0,2,0,1,0,1,
1999,2000,2001,2002,2003,2004,2005,2006,2007,2008,
6,5,2,7,1,4,2,1,2,2,
1997,1998,1999,2000,2001,2002,2003,2004,2005,2006,
1,0,3,0,1,1,0,0,1,1,
2000,2001,2002,2003,2004,2005,2006,2007,2008,2009,
1,2,1,1,1,1,0,0,1,1,
2000,2001,2002,2003,2004,2005,2006,2007,2008,2009,
2,0,1,1,2,0,2,1,0,1,
1999,2000,2001,2002,2003,2004,2005,2006,2007,2008,
1,2,1,0,1,1,0,1,1,1,
1999,2000,2001,2002,2003,2004,2005,2006,2007,2008,
1,1,1,2,1,0,2,0,0,1,
2000,2001,2002,2003,2004,2005,2006,2007,2008,2009,
1,3,2,1,0,1,0,1,2,1,
2000,2001,2002,2003,2004,2005,2006,2007,2008,2009,
1,0,2,1,0,2,0,1,1,1,
2000,2001,2002,2003,2004,2005,2006,2007,2008,2009,
2,3,2,2,0,4,0,3,3,4,
1998,1999,2000,2001,2002,2003,2004,2005,2006,2007,
1,0,0,1,1,0,2,0,2,1,
1999,2000,2001,2002,2003,2004,2005,2006,2007,2008,
2,1,1,0,1,1,0,0,1,2,
1999,2000,2001,2002,2003,2004,2005,2006,2007,2008,
1,1,1,6,4,0,3,1,3,3,
1999,2000,2001,2002,2003,2004,2005,2006,2007,2008,
1,1,3,0,2,2,1,1,0,3,
1999,2000,2001,2002,2003,2004,2005,2006,2007,2008,
2,1,1,0,0,1,1,1,1,1,
1998,1999,2000,2001,2002,2003,2004,2005,2006,2007,
1,1,2,1,1,0,0,0,0,1,
1999,2000,2001,2002,2003,2004,2005,2006,2007,2008,
1,1,1,0,1,0,0,0,1,1,
1999,2000,2001,2002,2003,2004,2005,2006,2007,2008,
1,0,1,1,1,0,0,2,2,3,
2000,2001,2002,2003,2004,2005,2006,2007,2008,2009,
1,1,0,2,0,2,1,3,1,1,
2000,2001,2002,2003,2004,2005,2006,2007,2008,2009,
3,0,2,3,1,1,0,5,4,3,
1993,1994,1995,1996,1997,1998,1999,2000,2001,2002,
1,2,1,0,1,1,0,0,0,1,
1999,2000,2001,2002,2003,2004,2005,2006,2007,2008,
1,2,1,2,0,2,0,0,0,2,
2000,2001,2002,2003,2004,2005,2006,2007,2008,2009,
1,0,1,2,0,1,3,6,4,5,
2000,2001,2002,2003,2004,2005,2006,2007,2008,2009,
3,5,5,2,1,2,1,1,1,3,
1999,2000,2001,2002,2003,2004,2005,2006,2007,2008,
1,6,1,2,2,0,0,0,0,3,
1999,2000,2001,2002,2003,2004,2005,2006,2007,2008,
1,1,2,1,1,0,1,0,0,1,
2000,2001,2002,2003,2004,2005,2006,2007,2008,2009,
2,3,1,8,4,4,6,8,7,8,
2000,2001,2002,2003,2004,2005,2006,2007,2008,2009,
1,0,1,0,0,2,1,2,1,1,
1999,2000,2001,2002,2003,2004,2005,2006,2007,2008,
3,2,1,1,1,0,1,1,0,1,
2000,2001,2002,2003,2004,2005,2006,2007,2008,2009,
3,1,2,1,0,2,0,0,2,3,
2000,2001,2002,2003,2004,2005,2006,2007,2008,2009,
2,0,0,0,2,1,1,5,1,1,
1999,2000,2001,2002,2003,2004,2005,2006,2007,2008,
1,3,1,3,1,2,0,0,1,1,
2000,2001,2002,2003,2004,2005,2006,2007,2008,2009,
1,2,2,3,0,1,0,0,0,1,
2000,2001,2002,2003,2004,2005,2006,2007,2008,2009,
1,1,1,0,0,1,2,0,0,4,
1999,2000,2001,2002,2003,2004,2005,2006,2007,2008,
4,2,0,5,1,1,2,3,2,4,
1999,2000,2001,2002,2003,2004,2005,2006,2007,2008,
3,0,1,1,0,1,1,0,1,2,
2000,2001,2002,2003,2004,2005,2006,2007,2008,2009,
2,3,3,1,1,1,1,0,4,1,
1998,1999,2000,2001,2002,2003,2004,2005,2006,2007,
3,0,0,1,2,0,1,1,1,3,
1998,1999,2000,2001,2002,2003,2004,2005,2006,2007,
1,0,0,0,1,1,0,2,1,1,
1998,1999,2000,2001,2002,2003,2004,2005,2006,2007,
1,4,1,1,1,2,0,0,2,1,
2000,2001,2002,2003,2004,2005,2006,2007,2008,2009,
2,2,2,1,1,0,0,3,0,1,
1999,2000,2001,2002,2003,2004,2005,2006,2007,2008,
1,0,2,1,0,0,1,1,0,1,
2000,2001,2002,2003,2004,2005,2006,2007,2008,2009,
4,2,1,1,0,1,0,0,1,1,
1998,1999,2000,2001,2002,2003,2004,2005,2006,2007,
3,6,4,1,4,1,2,0,1,1,
1998,1999,2000,2001,2002,2003,2004,2005,2006,2007,
1,3,3,2,0,3,0,0,0,1,
2000,2001,2002,2003,2004,2005,2006,2007,2008,2009,
5,1,1,2,2,2,0,0,1,1,
1994,1995,1996,1997,1998,1999,2000,2001,2002,2003,
2,3,1,0,0,0,2,2,0,1,
2000,2001,2002,2003,2004,2005,2006,2007,2008,2009,
1,0,1,1,1,1,3,0,0,1,
2001,2002,2003,2004,2005,2006,2007,2008,2009,2010,
1,0,0,1,0,1,2,3,1,1,
1999,2000,2001,2002,2003,2004,2005,2006,2007,2008,
3,2,4,2,1,2,1,1,0,2,
2000,2001,2002,2003,2004,2005,2006,2007,2008,2009,
1,0,0,2,0,1,2,1,4,3,
1999,2000,2001,2002,2003,2004,2005,2006,2007,2008,
1,2,2,4,2,0,0,0,2,1,
1999,2000,2001,2002,2003,2004,2005,2006,2007,2008,
1,1,0,2,3,1,0,0,2,2,
1999,2000,2001,2002,2003,2004,2005,2006,2007,2008,
2,1,3,4,1,1,1,2,1,4,
2000,2001,2002,2003,2004,2005,2006,2007,2008,2009,
3,6,11,2,0,4,1,1,3,5,
2000,2001,2002,2003,2004,2005,2006,2007,2008,2009,
1,0,1,0,1,1,0,2,2,2,
1999,2000,2001,2002,2003,2004,2005,2006,2007,2008,
2,5,6,4,1,1,1,1,1,1,
1998,1999,2000,2001,2002,2003,2004,2005,2006,2007,
2,2,0,0,2,1,0,1,1,1,
1999,2000,2001,2002,2003,2004,2005,2006,2007,2008,
1,2,2,2,0,0,1,1,0,1,
1998,1999,2000,2001,2002,2003,2004,2005,2006,2007,
1,1,3,1,2,0,0,2,0,2,
2000,2001,2002,2003,2004,2005,2006,2007,2008,2009,
1,1,3,4,1,0,0,1,1,3,
1998,1999,2000,2001,2002,2003,2004,2005,2006,2007,
1,0,1,1,1,1,2,2,0,1,
2000,2001,2002,2003,2004,2005,2006,2007,2008,2009,
1,0,1,1,0,0,1,0,1,2,
1999,2000,2001,2002,2003,2004,2005,2006,2007,2008,
3,1,0,1,0,1,0,1,1,1,
2000,2001,2002,2003,2004,2005,2006,2007,2008,2009,
1,0,2,1,0,1,0,2,2,1,
2000,2001,2002,2003,2004,2005,2006,2007,2008,2009,
2,3,3,4,1,3,3,1,3,4,
1999,2000,2001,2002,2003,2004,2005,2006,2007,2008,
1,2,0,0,3,3,0,0,1,1,
1998,1999,2000,2001,2002,2003,2004,2005,2006,2007,
1,0,1,0,1,1,2,0,1,2,
1999,2000,2001,2002,2003,2004,2005,2006,2007,2008,
1,2,1,1,0,0,0,1,1,1,
1999,2000,2001,2002,2003,2004,2005,2006,2007,2008,
1,1,1,2,1,2,0,3,3,3,
2000,2001,2002,2003,2004,2005,2006,2007,2008,2009,
1,0,2,1,1,3,0,1,0,1,
1999,2000,2001,2002,2003,2004,2005,2006,2007,2008,
2,3,1,9,2,1,0,1,0,1,
2000,2001,2002,2003,2004,2005,2006,2007,2008,2009,
1,2,0,2,0,0,1,3,0,1,
2000,2001,2002,2003,2004,2005,2006,2007,2008,2009,
2,1,0,1,1,1,1,0,2,3,
2000,2001,2002,2003,2004,2005,2006,2007,2008,2009,
1,2,4,0,0,2,0,1,1,2,
1998,1999,2000,2001,2002,2003,2004,2005,2006,2007,
1,1,2,1,1,1,0,0,0,1,
2000,2001,2002,2003,2004,2005,2006,2007,2008,2009,
1,3,1,2,0,5,2,5,5,2,
2000,2001,2002,2003,2004,2005,2006,2007,2008,2009,
1,0,0,2,1,1,0,5,0,1,
1997,1998,1999,2000,2001,2002,2003,2004,2005,2006,
1,0,0,1,1,0,0,1,2,1,
2000,2001,2002,2003,2004,2005,2006,2007,2008,2009,
1,0,2,5,2,1,1,4,2,5,
2000,2001,2002,2003,2004,2005,2006,2007,2008,2009,
2,6,7,0,0,0,1,2,0,1,
1999,2000,2001,2002,2003,2004,2005,2006,2007,2008,
3,3,2,1,1,1,3,2,1,1,
2000,2001,2002,2003,2004,2005,2006,2007,2008,2009,
1,7,1,2,3,3,1,5,1,4,
2000,2001,2002,2003,2004,2005,2006,2007,2008,2009,
1,0,1,2,0,2,0,8,12,7,
1998,1999,2000,2001,2002,2003,2004,2005,2006,2007,
1,0,1,0,1,0,0,1,1,1,
1999,2000,2001,2002,2003,2004,2005,2006,2007,2008,
2,1,3,2,1,1,0,1,0,1,
2000,2001,2002,2003,2004,2005,2006,2007,2008,2009,
1,0,0,1,0,1,1,0,1,1,
2000,2001,2002,2003,2004,2005,2006,2007,2008,2009,
1,1,2,3,1,0,1,0,0,1,
1998,1999,2000,2001,2002,2003,2004,2005,2006,2007,
2,0,1,0,2,1,2,0,1,1,
2000,2001,2002,2003,2004,2005,2006,2007,2008,2009,
1,0,4,2,0,2,0,2,1,3,
1996,1997,1998,1999,2000,2001,2002,2003,2004,2005,
2,1,4,2,0,2,0,0,0,1,
1999,2000,2001,2002,2003,2004,2005,2006,2007,2008,
1,0,1,6,1,4,1,2,3,10,
1999,2000,2001,2002,2003,2004,2005,2006,2007,2008,
1,0,1,1,0,1,0,0,2,2,
2000,2001,2002,2003,2004,2005,2006,2007,2008,2009,
4,0,2,5,3,7,5,8,5,8,
2000,2001,2002,2003,2004,2005,2006,2007,2008,2009,
2,1,0,1,1,1,0,0,0,1,
2000,2001,2002,2003,2004,2005,2006,2007,2008,2009,
1,0,0,2,0,4,0,3,3,1,
2000,2001,2002,2003,2004,2005,2006,2007,2008,2009,
2,1,2,1,0,0,2,1,1,1,
2000,2001,2002,2003,2004,2005,2006,2007,2008,2009,
2,0,1,2,1,1,0,0,2,2,
1998,1999,2000,2001,2002,2003,2004,2005,2006,2007,
1,0,1,3,0,2,0,0,1,1,
2000,2001,2002,2003,2004,2005,2006,2007,2008,2009,
2,2,2,1,1,1,0,1,0,2,
2000,2001,2002,2003,2004,2005,2006,2007,2008,2009,
4,0,3,1,0,3,1,1,0,1,
1998,1999,2000,2001,2002,2003,2004,2005,2006,2007,
1,0,0,0,1,4,0,2,1,1,
1998,1999,2000,2001,2002,2003,2004,2005,2006,2007,
1,2,0,3,2,0,3,0,0,1,
1999,2000,2001,2002,2003,2004,2005,2006,2007,2008,
2,3,2,2,2,0,0,0,0,2,
2000,2001,2002,2003,2004,2005,2006,2007,2008,2009,
1,2,0,3,0,2,1,3,4,2,
1997,1998,1999,2000,2001,2002,2003,2004,2005,2006,
1,0,3,1,3,4,2,1,1,1,
1999,2000,2001,2002,2003,2004,2005,2006,2007,2008,
2,0,1,0,1,0,2,1,2,1,
1997,1998,1999,2000,2001,2002,2003,2004,2005,2006,
1,1,0,1,1,1,0,0,0,1,
2000,2001,2002,2003,2004,2005,2006,2007,2008,2009,
2,0,0,2,0,0,1,2,2,2,
1998,1999,2000,2001,2002,2003,2004,2005,2006,2007,
2,0,6,0,1,1,0,0,1,3,
2000,2001,2002,2003,2004,2005,2006,2007,2008,2009,
1,3,1,2,0,0,0,0,3,2,
2000,2001,2002,2003,2004,2005,2006,2007,2008,2009,
1,0,3,0,0,0,1,2,2,2,
2000,2001,2002,2003,2004,2005,2006,2007,2008,2009,
1,2,2,2,2,0,0,2,0,1,
1999,2000,2001,2002,2003,2004,2005,2006,2007,2008,
1,1,0,0,1,0,0,2,4,2,
2000,2001,2002,2003,2004,2005,2006,2007,2008,2009,
2,0,2,0,1,3,0,3,7,4,
2000,2001,2002,2003,2004,2005,2006,2007,2008,2009,
1,5,5,7,3,2,2,4,5,3,
1998,1999,2000,2001,2002,2003,2004,2005,2006,2007,
3,1,2,2,5,0,1,0,0,2,
1998,1999,2000,2001,2002,2003,2004,2005,2006,2007,
1,1,3,3,0,2,0,0,0,1,
2000,2001,2002,2003,2004,2005,2006,2007,2008,2009,
2,0,3,1,1,0,0,2,0,2,
1995,1996,1997,1998,1999,2000,2001,2002,2003,2004,
1,1,4,1,0,8,1,0,0,1,
1999,2000,2001,2002,2003,2004,2005,2006,2007,2008,
1,2,0,1,0,1,0,0,1,1,
2000,2001,2002,2003,2004,2005,2006,2007,2008,2009,
1,0,2,1,0,0,0,1,1,1,
1999,2000,2001,2002,2003,2004,2005,2006,2007,2008,
1,2,2,2,0,0,1,0,0,1,
1999,2000,2001,2002,2003,2004,2005,2006,2007,2008,
2,1,2,0,0,1,1,0,0,1,
2000,2001,2002,2003,2004,2005,2006,2007,2008,2009,
1,0,0,0,1,2,4,1,8,2,
2000,2001,2002,2003,2004,2005,2006,2007,2008,2009,
1,0,1,1,1,0,1,4,10,14,
2000,2001,2002,2003,2004,2005,2006,2007,2008,2009,
1,0,2,2,0,2,4,4,4,7,
2000,2001,2002,2003,2004,2005,2006,2007,2008,2009,
2,0,2,0,2,1,0,0,2,1,
2000,2001,2002,2003,2004,2005,2006,2007,2008,2009,
1,0,2,1,0,2,1,0,0,1,
2000,2001,2002,2003,2004,2005,2006,2007,2008,2009,
1,2,0,0,1,1,2,0,4,1,
1999,2000,2001,2002,2003,2004,2005,2006,2007,2008,
3,1,0,1,1,0,0,1,0,1,
2000,2001,2002,2003,2004,2005,2006,2007,2008,2009,
1,1,3,0,1,1,1,2,0,3,
2000,2001,2002,2003,2004,2005,2006,2007,2008,2009,
2,3,3,2,1,1,3,1,0,1,
2000,2001,2002,2003,2004,2005,2006,2007,2008,2009,
1,0,1,1,1,1,2,0,1,3,
2000,2001,2002,2003,2004,2005,2006,2007,2008,2009,
1,1,1,2,0,1,0,2,1,1,
2000,2001,2002,2003,2004,2005,2006,2007,2008,2009,
1,0,4,1,0,0,1,2,2,2,
2000,2001,2002,2003,2004,2005,2006,2007,2008,2009,
6,3,7,3,4,4,2,8,8,9,
1999,2000,2001,2002,2003,2004,2005,2006,2007,2008,
1,3,1,0,1,1,1,0,0,1,
1999,2000,2001,2002,2003,2004,2005,2006,2007,2008,
1,1,0,3,2,2,2,0,1,1,
2000,2001,2002,2003,2004,2005,2006,2007,2008,2009,
1,1,1,1,1,0,0,0,0,1,
2000,2001,2002,2003,2004,2005,2006,2007,2008,2009,
2,1,2,1,0,2,0,3,2,1,
2000,2001,2002,2003,2004,2005,2006,2007,2008,2009,
1,1,1,2,0,1,2,0,1,1,
1999,2000,2001,2002,2003,2004,2005,2006,2007,2008,
1,1,1,1,0,0,1,0,0,2,
1999,2000,2001,2002,2003,2004,2005,2006,2007,2008,
1,1,2,5,1,0,0,1,0,3,
2000,2001,2002,2003,2004,2005,2006,2007,2008,2009,
1,1,0,0,2,1,0,1,0,1,
2000,2001,2002,2003,2004,2005,2006,2007,2008,2009,
1,0,1,0,0,1,0,1,1,2,
2000,2001,2002,2003,2004,2005,2006,2007,2008,2009,
1,0,0,0,1,2,0,3,2,5,
2000,2001,2002,2003,2004,2005,2006,2007,2008,2009,
1,0,1,1,0,1,1,0,0,1,
2000,2001,2002,2003,2004,2005,2006,2007,2008,2009,
5,0,0,1,0,1,0,2,1,1,
1999,2000,2001,2002,2003,2004,2005,2006,2007,2008,
1,0,2,0,1,0,1,1,2,1,
2000,2001,2002,2003,2004,2005,2006,2007,2008,2009,
1,1,1,3,0,0,1,0,3,2,
2000,2001,2002,2003,2004,2005,2006,2007,2008,2009,
1,0,1,1,1,2,0,0,0,2,
2000,2001,2002,2003,2004,2005,2006,2007,2008,2009,
1,2,1,0,0,1,1,1,3,2,
2000,2001,2002,2003,2004,2005,2006,2007,2008,2009,
1,2,1,0,0,0,0,3,2,1,
2000,2001,2002,2003,2004,2005,2006,2007,2008,2009,
1,0,1,0,0,1,1,1,1,2,
1997,1998,1999,2000,2001,2002,2003,2004,2005,2006,
1,2,4,2,2,3,1,1,0,1,
2000,2001,2002,2003,2004,2005,2006,2007,2008,2009,
1,0,4,3,0,2,3,3,2,2,
2000,2001,2002,2003,2004,2005,2006,2007,2008,2009,
1,1,2,0,0,0,0,5,2,2,
2000,2001,2002,2003,2004,2005,2006,2007,2008,2009,
1,1,1,1,2,1,0,1,3,1,
1999,2000,2001,2002,2003,2004,2005,2006,2007,2008,
2,1,1,1,0,1,0,0,0,3,
1994,1995,1996,1997,1998,1999,2000,2001,2002,2003,
2,1,0,1,0,2,0,0,1,1,
2000,2001,2002,2003,2004,2005,2006,2007,2008,2009,
1,2,0,1,0,1,1,0,1,2,
1986,1987,1988,1989,1990,1991,1992,1993,1994,1995,
1,0,1,3,0,1,1,0,0,1,
1989,1990,1991,1992,1993,1994,1995,1996,1997,1998,
1,0,1,0,1,2,0,1,1,2,
1986,1987,1988,1989,1990,1991,1992,1993,1994,1995,
1,2,1,0,0,1,1,1,0,1,
2000,2001,2002,2003,2004,2005,2006,2007,2008,2009,
2,1,1,2,1,1,2,0,1,2,
1987,1988,1989,1990,1991,1992,1993,1994,1995,1996,
1,0,2,1,0,0,2,2,4,1,
1987,1988,1989,1990,1991,1992,1993,1994,1995,1996,
2,2,1,1,0,0,1,0,1,2,
1988,1989,1990,1991,1992,1993,1994,1995,1996,1997,
3,3,3,3,0,1,1,1,0,1,
1990,1991,1992,1993,1994,1995,1996,1997,1998,1999,
2,1,0,1,0,0,1,1,0,1,
1987,1988,1989,1990,1991,1992,1993,1994,1995,1996,
1,1,1,2,1,0,0,0,1,1,
1988,1989,1990,1991,1992,1993,1994,1995,1996,1997,
2,1,0,1,1,1,0,1,0,1,
1986,1987,1988,1989,1990,1991,1992,1993,1994,1995,
1,1,2,0,1,2,2,0,0,2,
2000,2001,2002,2003,2004,2005,2006,2007,2008,2009,
1,0,4,6,1,2,2,2,1,9,
1987,1988,1989,1990,1991,1992,1993,1994,1995,1996,
1,3,8,1,3,1,1,0,0,1,
1988,1989,1990,1991,1992,1993,1994,1995,1996,1997,
1,0,1,0,2,0,1,0,1,1,
1991,1992,1993,1994,1995,1996,1997,1998,1999,2000,
1,2,1,0,1,0,1,1,0,1,
1988,1989,1990,1991,1992,1993,1994,1995,1996,1997,
10,6,6,7,4,1,1,3,0,1,
1986,1987,1988,1989,1990,1991,1992,1993,1994,1995,
1,0,1,1,1,0,1,0,1,1,
1988,1989,1990,1991,1992,1993,1994,1995,1996,1997,
1,2,0,3,1,0,0,2,1,1,
1986,1987,1988,1989,1990,1991,1992,1993,1994,1995,
1,2,1,3,1,1,3,0,1,1,
1997,1998,1999,2000,2001,2002,2003,2004,2005,2006,
1,0,1,1,1,1,2,0,0,1,
1989,1990,1991,1992,1993,1994,1995,1996,1997,1998,
5,2,0,1,2,1,1,1,1,2,
1988,1989,1990,1991,1992,1993,1994,1995,1996,1997,
4,1,0,1,1,0,0,1,0,1,
1989,1990,1991,1992,1993,1994,1995,1996,1997,1998,
2,4,0,0,1,1,1,0,0,1,
1988,1989,1990,1991,1992,1993,1994,1995,1996,1997,
1,2,1,2,2,1,0,0,0,1,
1986,1987,1988,1989,1990,1991,1992,1993,1994,1995,
1,1,1,0,1,2,2,2,0,1,
1986,1987,1988,1989,1990,1991,1992,1993,1994,1995,
1,1,1,1,2,1,1,0,0,1,
1988,1989,1990,1991,1992,1993,1994,1995,1996,1997,
2,1,1,1,0,0,1,1,0,1,
1988,1989,1990,1991,1992,1993,1994,1995,1996,1997,
1,0,0,0,1,1,0,1,1,1,
1988,1989,1990,1991,1992,1993,1994,1995,1996,1997,
2,4,0,4,1,0,0,1,0,1,
1987,1988,1989,1990,1991,1992,1993,1994,1995,1996,
2,2,3,4,2,2,2,0,0,1,
1986,1987,1988,1989,1990,1991,1992,1993,1994,1995,
1,1,1,1,2,1,0,0,0,1,
1988,1989,1990,1991,1992,1993,1994,1995,1996,1997,
3,0,0,5,2,2,2,1,0,1,
1988,1989,1990,1991,1992,1993,1994,1995,1996,1997,
2,2,0,3,1,0,0,2,0,2,
1989,1990,1991,1992,1993,1994,1995,1996,1997,1998,
2,0,2,1,4,4,4,1,2,1,
1988,1989,1990,1991,1992,1993,1994,1995,1996,1997,
1,2,1,2,1,0,0,0,0,1,
1986,1987,1988,1989,1990,1991,1992,1993,1994,1995,
2,2,1,7,2,1,1,1,0,1,
1988,1989,1990,1991,1992,1993,1994,1995,1996,1997,
1,1,0,0,2,3,0,1,0,1,
1991,1992,1993,1994,1995,1996,1997,1998,1999,2000,
1,1,0,1,1,0,1,0,2,2,
1988,1989,1990,1991,1992,1993,1994,1995,1996,1997,
1,1,2,2,2,1,2,0,0,1,
1989,1990,1991,1992,1993,1994,1995,1996,1997,1998,
4,1,2,2,6,3,4,2,3,4,
1989,1990,1991,1992,1993,1994,1995,1996,1997,1998,
4,0,3,4,1,2,3,0,3,1,
1988,1989,1990,1991,1992,1993,1994,1995,1996,1997,
3,5,3,5,2,2,0,2,0,1,
1986,1987,1988,1989,1990,1991,1992,1993,1994,1995,
1,1,1,1,1,0,0,0,0,1,
1991,1992,1993,1994,1995,1996,1997,1998,1999,2000,
2,1,2,1,1,1,1,0,1,1,
1987,1988,1989,1990,1991,1992,1993,1994,1995,1996,
1,4,9,0,1,0,0,2,0,1,
1987,1988,1989,1990,1991,1992,1993,1994,1995,1996,
4,4,4,2,1,2,1,1,0,1,
2000,2001,2002,2003,2004,2005,2006,2007,2008,2009,
1,0,3,2,6,0,5,4,5,15,
1986,1987,1988,1989,1990,1991,1992,1993,1994,1995,
1,7,3,5,2,1,1,0,0,2,
2000,2001,2002,2003,2004,2005,2006,2007,2008,2009,
1,0,1,1,0,0,0,1,3,2,
1991,1992,1993,1994,1995,1996,1997,1998,1999,2000,
2,3,2,0,2,0,0,1,0,5,
1987,1988,1989,1990,1991,1992,1993,1994,1995,1996,
2,2,3,3,2,2,1,1,0,1,
2000,2001,2002,2003,2004,2005,2006,2007,2008,2009,
2,0,0,1,0,2,1,1,3,1,
1986,1987,1988,1989,1990,1991,1992,1993,1994,1995,
1,1,3,2,0,0,1,0,0,1,
1992,1993,1994,1995,1996,1997,1998,1999,2000,2001,
2,2,1,0,1,0,0,1,0,3,
1986,1987,1988,1989,1990,1991,1992,1993,1994,1995,
1,2,1,2,1,0,1,0,0,1,
1986,1987,1988,1989,1990,1991,1992,1993,1994,1995,
1,0,3,4,1,1,0,0,0,1,
1986,1987,1988,1989,1990,1991,1992,1993,1994,1995,
1,1,1,2,0,1,1,1,0,1,
1984,1985,1986,1987,1988,1989,1990,1991,1992,1993,
1,2,0,0,0,0,2,3,1,1,
1984,1985,1986,1987,1988,1989,1990,1991,1992,1993,
1,0,3,0,4,1,3,1,0,1,
1986,1987,1988,1989,1990,1991,1992,1993,1994,1995,
1,0,1,1,1,4,0,0,0,2,
1986,1987,1988,1989,1990,1991,1992,1993,1994,1995,
1,1,6,2,3,2,1,1,0,1,
1982,1983,1984,1985,1986,1987,1988,1989,1990,1991,
1,1,3,0,0,2,0,2,0,1,
1996,1997,1998,1999,2000,2001,2002,2003,2004,2005,
3,2,1,1,0,2,1,1,0,1,
1999,2000,2001,2002,2003,2004,2005,2006,2007,2008,
2,0,1,1,2,1,0,1,1,1,
1984,1985,1986,1987,1988,1989,1990,1991,1992,1993,
1,0,2,0,2,1,2,0,0,1,
1999,2000,2001,2002,2003,2004,2005,2006,2007,2008,
2,1,2,2,1,1,0,1,0,1,
1972,1973,1974,1975,1976,1977,1978,1979,1980,1981,
1,0,2,4,1,0,1,0,0,2,
1993,1994,1995,1996,1997,1998,1999,2000,2001,2002,
1,2,4,3,1,0,2,1,2,1,
2000,2001,2002,2003,2004,2005,2006,2007,2008,2009,
2,0,1,1,1,0,1,3,0,1,
1999,2000,2001,2002,2003,2004,2005,2006,2007,2008,
1,0,3,3,3,1,1,0,1,1,
1995,1996,1997,1998,1999,2000,2001,2002,2003,2004,
1,1,1,0,0,1,2,1,1,1,
2000,2001,2002,2003,2004,2005,2006,2007,2008,2009,
1,1,1,1,1,0,0,0,0,2,
1993,1994,1995,1996,1997,1998,1999,2000,2001,2002,
3,0,3,0,2,0,1,2,2,1,
1993,1994,1995,1996,1997,1998,1999,2000,2001,2002,
2,0,1,1,0,0,0,1,2,4,
1996,1997,1998,1999,2000,2001,2002,2003,2004,2005,
1,1,4,0,0,3,3,0,0,1,
1995,1996,1997,1998,1999,2000,2001,2002,2003,2004,
1,0,1,0,0,1,1,1,1,1,
1994,1995,1996,1997,1998,1999,2000,2001,2002,2003,
1,0,0,1,1,0,0,1,1,3,
1993,1994,1995,1996,1997,1998,1999,2000,2001,2002,
1,3,2,0,1,0,0,1,1,1,
2000,2001,2002,2003,2004,2005,2006,2007,2008,2009,
1,0,0,1,1,2,1,0,1,1,
2000,2001,2002,2003,2004,2005,2006,2007,2008,2009,
1,0,2,0,1,0,1,1,2,1,
1995,1996,1997,1998,1999,2000,2001,2002,2003,2004,
3,1,5,0,2,1,1,4,7,1,
1993,1994,1995,1996,1997,1998,1999,2000,2001,2002,
3,1,0,1,2,0,1,0,0,1,
1992,1993,1994,1995,1996,1997,1998,1999,2000,2001,
1,3,0,3,2,1,0,0,0,1,
1993,1994,1995,1996,1997,1998,1999,2000,2001,2002,
1,0,1,2,0,0,1,0,1,1,
1995,1996,1997,1998,1999,2000,2001,2002,2003,2004,
1,0,1,0,0,1,1,0,1,1,
2000,2001,2002,2003,2004,2005,2006,2007,2008,2009,
2,0,1,0,1,1,0,0,1,2,
1993,1994,1995,1996,1997,1998,1999,2000,2001,2002,
2,1,6,0,1,0,0,0,1,1,
1993,1994,1995,1996,1997,1998,1999,2000,2001,2002,
2,2,1,1,5,0,0,1,3,1,
2000,2001,2002,2003,2004,2005,2006,2007,2008,2009,
1,1,1,0,0,1,1,1,0,2,
1993,1994,1995,1996,1997,1998,1999,2000,2001,2002,
2,1,3,0,0,1,4,1,0,1,
1997,1998,1999,2000,2001,2002,2003,2004,2005,2006,
1,0,0,1,1,0,3,1,0,1,
1999,2000,2001,2002,2003,2004,2005,2006,2007,2008,
1,0,1,3,1,0,1,0,0,1,
1994,1995,1996,1997,1998,1999,2000,2001,2002,2003,
2,1,0,1,1,0,1,1,0,1,
1997,1998,1999,2000,2001,2002,2003,2004,2005,2006,
1,0,1,2,0,0,0,1,1,1,
1994,1995,1996,1997,1998,1999,2000,2001,2002,2003,
1,1,2,3,0,0,2,1,1,1,
1991,1992,1993,1994,1995,1996,1997,1998,1999,2000,
1,0,0,1,1,1,1,1,0,1,
1993,1994,1995,1996,1997,1998,1999,2000,2001,2002,
1,0,2,2,2,2,3,1,1,1,
1993,1994,1995,1996,1997,1998,1999,2000,2001,2002,
1,2,1,1,1,0,1,1,0,1,
1993,1994,1995,1996,1997,1998,1999,2000,2001,2002,
1,2,3,3,0,1,0,1,0,1,
1993,1994,1995,1996,1997,1998,1999,2000,2001,2002,
1,2,3,0,1,1,0,1,0,1,
1999,2000,2001,2002,2003,2004,2005,2006,2007,2008,
1,1,0,3,0,0,1,1,0,1,
1995,1996,1997,1998,1999,2000,2001,2002,2003,2004,
1,1,3,1,2,0,2,2,0,2,
1994,1995,1996,1997,1998,1999,2000,2001,2002,2003,
1,0,0,1,0,2,1,0,1,1,
1993,1994,1995,1996,1997,1998,1999,2000,2001,2002,
1,2,4,1,0,0,2,3,1,2,
1995,1996,1997,1998,1999,2000,2001,2002,2003,2004,
1,0,0,0,0,1,2,1,1,1,
1994,1995,1996,1997,1998,1999,2000,2001,2002,2003,
1,2,1,1,0,0,2,0,0,1,
1995,1996,1997,1998,1999,2000,2001,2002,2003,2004,
5,2,2,1,1,0,1,0,1,1,
2000,2001,2002,2003,2004,2005,2006,2007,2008,2009,
1,1,0,1,0,0,0,2,3,1,
1993,1994,1995,1996,1997,1998,1999,2000,2001,2002,
1,3,2,0,2,0,1,1,1,2,
1995,1996,1997,1998,1999,2000,2001,2002,2003,2004,
1,1,1,0,0,2,1,0,1,1,
2000,2001,2002,2003,2004,2005,2006,2007,2008,2009,
1,0,1,1,1,0,0,0,2,4,
1993,1994,1995,1996,1997,1998,1999,2000,2001,2002,
1,2,3,2,2,2,1,0,0,1,
2000,2001,2002,2003,2004,2005,2006,2007,2008,2009,
2,1,1,6,3,1,4,0,10,5,
2000,2001,2002,2003,2004,2005,2006,2007,2008,2009,
1,1,8,7,6,6,10,0,6,6,
2000,2001,2002,2003,2004,2005,2006,2007,2008,2009,
2,5,3,3,2,0,0,2,3,2,
2000,2001,2002,2003,2004,2005,2006,2007,2008,2009,
1,2,2,2,0,2,0,0,2,3,
1982,1983,1984,1985,1986,1987,1988,1989,1990,1991,
6,6,2,2,1,3,3,2,2,3,
1998,1999,2000,2001,2002,2003,2004,2005,2006,2007,
1,1,4,4,5,1,1,2,1,1,
2000,2001,2002,2003,2004,2005,2006,2007,2008,2009,
22,10,1,9,23,34,26,0,40,9,
2000,2001,2002,2003,2004,2005,2006,2007,2008,2009,
1,12,6,8,3,4,7,6,3,7,
2000,2001,2002,2003,2004,2005,2006,2007,2008,2009,
2,2,1,5,2,5,1,4,2,1,
2000,2001,2002,2003,2004,2005,2006,2007,2008,2009,
2,1,1,2,0,0,0,0,1,1,
2000,2001,2002,2003,2004,2005,2006,2007,2008,2009,
2,1,1,0,0,2,0,1,0,2,
2000,2001,2002,2003,2004,2005,2006,2007,2008,2009,
2,0,1,1,1,1,0,2,0,2,
1993,1994,1995,1996,1997,1998,1999,2000,2001,2002,
1,0,0,0,1,0,1,2,1,1,
2000,2001,2002,2003,2004,2005,2006,2007,2008,2009,
3,6,3,2,2,2,2,4,8,2,
2000,2001,2002,2003,2004,2005,2006,2007,2008,2009,
5,6,5,6,4,3,1,4,3,3,
2000,2001,2002,2003,2004,2005,2006,2007,2008,2009,
3,1,5,3,1,6,4,3,21,9,
2000,2001,2002,2003,2004,2005,2006,2007,2008,2009,
2,14,11,2,9,8,0,2,7,4,
2000,2001,2002,2003,2004,2005,2006,2007,2008,2009,
1,4,2,4,1,1,0,0,4,1,
2000,2001,2002,2003,2004,2005,2006,2007,2008,2009,
3,3,4,9,2,3,1,4,8,5,
2000,2001,2002,2003,2004,2005,2006,2007,2008,2009,
1,0,1,0,0,5,1,1,0,2,
2001,2002,2003,2004,2005,2006,2007,2008,2009,2010,
3,4,5,3,1,3,1,0,2,1,
2000,2001,2002,2003,2004,2005,2006,2007,2008,2009,
1,0,2,2,1,0,1,0,4,2,
1999,2000,2001,2002,2003,2004,2005,2006,2007,2008,
4,3,4,2,2,1,1,0,2,1,
2000,2001,2002,2003,2004,2005,2006,2007,2008,2009,
2,4,5,4,0,2,2,0,2,1,
2000,2001,2002,2003,2004,2005,2006,2007,2008,2009,
2,1,2,6,0,2,0,1,2,5,
1999,2000,2001,2002,2003,2004,2005,2006,2007,2008,
2,2,1,0,0,1,0,1,3,1,
2000,2001,2002,2003,2004,2005,2006,2007,2008,2009,
1,0,1,5,1,0,1,0,0,1,
2000,2001,2002,2003,2004,2005,2006,2007,2008,2009,
1,1,3,6,2,2,1,2,3,1,
1998,1999,2000,2001,2002,2003,2004,2005,2006,2007,
1,0,2,0,1,1,3,1,0,1,
1999,2000,2001,2002,2003,2004,2005,2006,2007,2008,
1,0,1,5,2,0,0,1,1,2,
2000,2001,2002,2003,2004,2005,2006,2007,2008,2009,
1,3,5,0,2,1,0,3,3,2,
2000,2001,2002,2003,2004,2005,2006,2007,2008,2009,
1,2,0,4,3,3,5,4,13,10,
2000,2001,2002,2003,2004,2005,2006,2007,2008,2009,
1,2,1,1,0,1,1,0,4,2,
2000,2001,2002,2003,2004,2005,2006,2007,2008,2009,
1,0,1,3,1,1,3,2,4,3,
2000,2001,2002,2003,2004,2005,2006,2007,2008,2009,
1,1,0,4,0,1,0,3,1,1,
2000,2001,2002,2003,2004,2005,2006,2007,2008,2009,
3,2,9,4,2,0,4,7,1,1,
2000,2001,2002,2003,2004,2005,2006,2007,2008,2009,
1,0,1,1,1,0,0,4,0,3,
2000,2001,2002,2003,2004,2005,2006,2007,2008,2009,
2,0,1,8,1,3,2,0,0,1,
2000,2001,2002,2003,2004,2005,2006,2007,2008,2009,
1,1,4,8,2,7,4,6,16,7,
1999,2000,2001,2002,2003,2004,2005,2006,2007,2008,
1,1,1,3,2,0,1,2,1,3,
2000,2001,2002,2003,2004,2005,2006,2007,2008,2009,
1,1,3,3,1,0,1,0,0,2,
2001,2002,2003,2004,2005,2006,2007,2008,2009,2010,
1,1,2,1,5,9,17,38,41,1,
2000,2001,2002,2003,2004,2005,2006,2007,2008,2009,
2,3,1,4,2,1,1,3,2,1,
2000,2001,2002,2003,2004,2005,2006,2007,2008,2009,
1,3,6,2,0,2,1,7,4,5,
2000,2001,2002,2003,2004,2005,2006,2007,2008,2009,
6,15,27,38,31,35,28,47,76,74,
2001,2002,2003,2004,2005,2006,2007,2008,2009,2010,
1,1,1,0,0,0,2,2,1,1,
2000,2001,2002,2003,2004,2005,2006,2007,2008,2009,
2,0,0,0,1,1,3,1,3,1,
2000,2001,2002,2003,2004,2005,2006,2007,2008,2009,
1,2,2,4,5,2,2,5,14,7,
2000,2001,2002,2003,2004,2005,2006,2007,2008,2009,
1,1,2,3,1,2,3,1,4,1,
2000,2001,2002,2003,2004,2005,2006,2007,2008,2009,
3,1,4,3,2,6,9,10,23,10,
1980,1981,1982,1983,1984,1985,1986,1987,1988,1989,
1,0,0,1,1,0,0,1,1,1,
2000,2001,2002,2003,2004,2005,2006,2007,2008,2009,
1,0,0,0,1,1,1,2,3,4,
2000,2001,2002,2003,2004,2005,2006,2007,2008,2009,
1,9,11,1,3,3,0,14,11,14,
1999,2000,2001,2002,2003,2004,2005,2006,2007,2008,
2,0,0,4,1,1,0,2,0,1,
2001,2002,2003,2004,2005,2006,2007,2008,2009,2010,
1,2,4,0,5,5,10,1,12,1,
2000,2001,2002,2003,2004,2005,2006,2007,2008,2009,
1,0,1,1,0,3,2,6,9,6,
2000,2001,2002,2003,2004,2005,2006,2007,2008,2009,
2,3,3,1,0,2,2,2,3,6,
2000,2001,2002,2003,2004,2005,2006,2007,2008,2009,
1,1,3,2,1,2,1,1,4,1,
2000,2001,2002,2003,2004,2005,2006,2007,2008,2009,
1,3,3,2,1,2,2,4,5,7,
2000,2001,2002,2003,2004,2005,2006,2007,2008,2009,
1,0,2,1,3,3,0,1,2,3,
2000,2001,2002,2003,2004,2005,2006,2007,2008,2009,
3,1,3,6,3,2,1,1,4,1,
2000,2001,2002,2003,2004,2005,2006,2007,2008,2009,
3,2,5,6,3,1,1,10,4,16,
2000,2001,2002,2003,2004,2005,2006,2007,2008,2009,
1,2,4,0,1,1,1,0,2,1,
2000,2001,2002,2003,2004,2005,2006,2007,2008,2009,
1,2,2,3,2,3,0,1,0,2,
1997,1998,1999,2000,2001,2002,2003,2004,2005,2006,
1,0,0,0,1,1,3,2,2,1,
2000,2001,2002,2003,2004,2005,2006,2007,2008,2009,
1,2,1,0,1,1,0,1,1,1,
1997,1998,1999,2000,2001,2002,2003,2004,2005,2006,
1,1,1,1,0,0,0,1,0,1,
1998,1999,2000,2001,2002,2003,2004,2005,2006,2007,
1,0,2,2,1,0,0,2,1,1,
2000,2001,2002,2003,2004,2005,2006,2007,2008,2009,
1,1,0,0,2,3,0,1,1,1,
1998,1999,2000,2001,2002,2003,2004,2005,2006,2007,
1,1,1,1,3,0,1,1,0,2,
2000,2001,2002,2003,2004,2005,2006,2007,2008,2009,
1,0,0,2,0,1,1,1,0,1,
2000,2001,2002,2003,2004,2005,2006,2007,2008,2009,
1,1,0,3,2,1,0,0,1,1,
1998,1999,2000,2001,2002,2003,2004,2005,2006,2007,
1,0,2,2,1,0,0,0,1,2,
2000,2001,2002,2003,2004,2005,2006,2007,2008,2009,
1,9,2,1,0,0,0,1,0,1,
2000,2001,2002,2003,2004,2005,2006,2007,2008,2009,
2,1,0,0,0,1,1,3,0,1,
1997,1998,1999,2000,2001,2002,2003,2004,2005,2006,
1,0,1,1,0,1,0,0,1,1,
2000,2001,2002,2003,2004,2005,2006,2007,2008,2009,
1,2,3,1,0,0,0,0,2,1,
1997,1998,1999,2000,2001,2002,2003,2004,2005,2006,
3,1,1,1,1,0,0,0,0,1,
2000,2001,2002,2003,2004,2005,2006,2007,2008,2009,
3,1,0,1,1,1,0,0,0,3,
1998,1999,2000,2001,2002,2003,2004,2005,2006,2007,
1,0,1,2,1,0,0,1,0,1,
2000,2001,2002,2003,2004,2005,2006,2007,2008,2009,
1,2,0,3,0,4,3,2,2,1,
1999,2000,2001,2002,2003,2004,2005,2006,2007,2008,
2,1,2,2,0,0,0,0,1,1,
2000,2001,2002,2003,2004,2005,2006,2007,2008,2009,
2,0,1,2,0,1,1,0,1,1,
2000,2001,2002,2003,2004,2005,2006,2007,2008,2009,
1,0,1,0,2,2,0,1,0,1,
2000,2001,2002,2003,2004,2005,2006,2007,2008,2009,
1,0,1,1,0,0,0,3,1,2,
2000,2001,2002,2003,2004,2005,2006,2007,2008,2009,
2,1,0,1,0,0,1,1,0,2,
1999,2000,2001,2002,2003,2004,2005,2006,2007,2008,
1,1,0,1,1,0,0,0,1,1,
2000,2001,2002,2003,2004,2005,2006,2007,2008,2009,
3,1,2,1,1,0,0,1,1,2,
1999,2000,2001,2002,2003,2004,2005,2006,2007,2008,
1,0,0,1,1,0,1,0,1,2,
2000,2001,2002,2003,2004,2005,2006,2007,2008,2009,
1,2,4,0,0,0,2,0,1,1,
2000,2001,2002,2003,2004,2005,2006,2007,2008,2009,
3,3,4,1,1,2,1,5,1,8,
2000,2001,2002,2003,2004,2005,2006,2007,2008,2009,
4,4,4,3,4,1,1,3,0,2,
2000,2001,2002,2003,2004,2005,2006,2007,2008,2009,
3,5,11,2,0,2,1,1,2,1,
2000,2001,2002,2003,2004,2005,2006,2007,2008,2009,
4,0,4,4,1,1,4,2,2,8,
2000,2001,2002,2003,2004,2005,2006,2007,2008,2009,
1,2,3,1,0,3,0,0,1,1,
2000,2001,2002,2003,2004,2005,2006,2007,2008,2009,
4,3,1,2,1,3,0,1,1,1,
2000,2001,2002,2003,2004,2005,2006,2007,2008,2009,
8,3,5,3,0,3,2,2,4,1,
2000,2001,2002,2003,2004,2005,2006,2007,2008,2009,
2,0,2,1,0,1,0,0,1,2,
2000,2001,2002,2003,2004,2005,2006,2007,2008,2009,
3,1,1,1,1,0,0,0,2,3,
1999,2000,2001,2002,2003,2004,2005,2006,2007,2008,
1,1,1,1,0,1,1,0,0,1,
2000,2001,2002,2003,2004,2005,2006,2007,2008,2009,
1,1,1,2,1,0,0,0,1,1,
2000,2001,2002,2003,2004,2005,2006,2007,2008,2009,
1,1,7,8,7,3,3,6,2,1,
2000,2001,2002,2003,2004,2005,2006,2007,2008,2009,
1,1,3,1,1,1,0,1,1,2,
2000,2001,2002,2003,2004,2005,2006,2007,2008,2009,
3,4,2,6,8,4,3,4,2,6,
2000,2001,2002,2003,2004,2005,2006,2007,2008,2009,
1,2,2,0,0,2,1,2,2,1,
2000,2001,2002,2003,2004,2005,2006,2007,2008,2009,
1,1,2,6,0,2,1,1,4,2,
2000,2001,2002,2003,2004,2005,2006,2007,2008,2009,
1,0,1,1,2,1,1,0,1,2,
1999,2000,2001,2002,2003,2004,2005,2006,2007,2008,
1,0,2,2,1,0,0,0,1,1,
1999,2000,2001,2002,2003,2004,2005,2006,2007,2008,
1,2,2,3,0,0,2,2,2,4,
2000,2001,2002,2003,2004,2005,2006,2007,2008,2009,
5,4,4,5,2,6,3,4,5,3,
2000,2001,2002,2003,2004,2005,2006,2007,2008,2009,
2,1,0,4,2,2,1,0,3,1,
2000,2001,2002,2003,2004,2005,2006,2007,2008,2009,
1,2,2,5,1,2,0,0,1,3,
2000,2001,2002,2003,2004,2005,2006,2007,2008,2009,
1,1,2,2,2,1,0,0,1,2,
2000,2001,2002,2003,2004,2005,2006,2007,2008,2009,
2,15,5,4,4,4,2,6,8,6,
2000,2001,2002,2003,2004,2005,2006,2007,2008,2009,
3,6,6,4,3,11,1,4,3,4,
2000,2001,2002,2003,2004,2005,2006,2007,2008,2009,
1,1,1,0,1,0,1,1,1,2,
2000,2001,2002,2003,2004,2005,2006,2007,2008,2009,
1,1,2,0,2,0,0,1,0,2,
2000,2001,2002,2003,2004,2005,2006,2007,2008,2009,
2,4,2,1,3,0,2,3,1,2,
2000,2001,2002,2003,2004,2005,2006,2007,2008,2009,
3,16,4,4,1,2,0,0,3,2,
2000,2001,2002,2003,2004,2005,2006,2007,2008,2009,
1,3,0,0,1,2,0,2,1,1,
2000,2001,2002,2003,2004,2005,2006,2007,2008,2009,
1,2,1,3,5,0,3,4,7,4,
2000,2001,2002,2003,2004,2005,2006,2007,2008,2009,
4,0,4,1,0,2,0,1,0,4,
2000,2001,2002,2003,2004,2005,2006,2007,2008,2009,
6,4,6,1,1,0,0,2,1,1,
2001,2002,2003,2004,2005,2006,2007,2008,2009,2010,
1,4,2,3,2,2,5,7,5,1,
2000,2001,2002,2003,2004,2005,2006,2007,2008,2009,
1,3,5,3,3,1,3,5,0,4,
2000,2001,2002,2003,2004,2005,2006,2007,2008,2009,
2,7,11,13,6,23,11,12,20,13,
2000,2001,2002,2003,2004,2005,2006,2007,2008,2009,
2,3,3,4,1,1,0,2,2,1,
2000,2001,2002,2003,2004,2005,2006,2007,2008,2009,
1,0,2,1,2,1,1,3,1,1,
2000,2001,2002,2003,2004,2005,2006,2007,2008,2009,
1,1,4,3,0,1,4,0,0,4,
2000,2001,2002,2003,2004,2005,2006,2007,2008,2009,
2,2,2,0,0,3,0,2,0,4,
2000,2001,2002,2003,2004,2005,2006,2007,2008,2009,
2,4,4,5,7,5,6,9,18,9,
2000,2001,2002,2003,2004,2005,2006,2007,2008,2009,
2,7,11,20,19,9,11,10,23,31,
2000,2001,2002,2003,2004,2005,2006,2007,2008,2009,
1,1,1,0,1,2,1,0,1,2,
2000,2001,2002,2003,2004,2005,2006,2007,2008,2009,
1,2,3,5,1,3,2,2,2,4,
2000,2001,2002,2003,2004,2005,2006,2007,2008,2009,
1,1,2,2,1,1,3,1,2,2,
2000,2001,2002,2003,2004,2005,2006,2007,2008,2009,
1,1,1,1,1,0,1,0,2,1,
1999,2000,2001,2002,2003,2004,2005,2006,2007,2008,
2,2,2,1,1,1,3,1,1,1,
2000,2001,2002,2003,2004,2005,2006,2007,2008,2009,
1,1,3,6,0,0,1,1,2,3,
2000,2001,2002,2003,2004,2005,2006,2007,2008,2009,
1,0,2,2,0,3,1,1,5,5,
2000,2001,2002,2003,2004,2005,2006,2007,2008,2009,
2,0,0,3,1,0,2,1,0,2,
2000,2001,2002,2003,2004,2005,2006,2007,2008,2009,
1,1,2,3,0,2,1,1,3,2,
2000,2001,2002,2003,2004,2005,2006,2007,2008,2009,
2,1,3,4,0,2,1,11,3,6,
1999,2000,2001,2002,2003,2004,2005,2006,2007,2008,
1,0,0,3,3,1,0,0,1,1,
2000,2001,2002,2003,2004,2005,2006,2007,2008,2009,
3,2,2,2,1,2,0,4,2,1,
1999,2000,2001,2002,2003,2004,2005,2006,2007,2008,
1,3,3,2,1,2,1,1,1,1,
2000,2001,2002,2003,2004,2005,2006,2007,2008,2009,
2,1,3,1,1,2,0,0,0,1,
2000,2001,2002,2003,2004,2005,2006,2007,2008,2009,
2,4,4,5,4,0,1,2,0,2,
2000,2001,2002,2003,2004,2005,2006,2007,2008,2009,
1,4,4,3,2,1,1,2,2,2,
2000,2001,2002,2003,2004,2005,2006,2007,2008,2009,
8,7,6,16,11,3,6,9,13,5,
1999,2000,2001,2002,2003,2004,2005,2006,2007,2008,
1,0,0,2,3,0,1,3,0,1,
2000,2001,2002,2003,2004,2005,2006,2007,2008,2009,
1,2,0,0,0,1,0,1,1,1,
2000,2001,2002,2003,2004,2005,2006,2007,2008,2009,
2,1,6,6,1,4,1,5,7,6,
2000,2001,2002,2003,2004,2005,2006,2007,2008,2009,
2,3,1,1,1,0,0,0,1,1,
2000,2001,2002,2003,2004,2005,2006,2007,2008,2009,
2,2,3,2,2,4,0,0,1,1,
2000,2001,2002,2003,2004,2005,2006,2007,2008,2009,
2,1,3,0,1,4,0,3,2,1,
2000,2001,2002,2003,2004,2005,2006,2007,2008,2009,
1,1,1,2,0,2,0,2,3,5,
2000,2001,2002,2003,2004,2005,2006,2007,2008,2009,
1,0,5,1,1,2,0,5,2,2,
2000,2001,2002,2003,2004,2005,2006,2007,2008,2009,
1,1,0,1,0,0,1,1,0,1,
2000,2001,2002,2003,2004,2005,2006,2007,2008,2009,
4,1,0,1,5,0,0,4,2,11,
2000,2001,2002,2003,2004,2005,2006,2007,2008,2009,
1,2,1,1,1,0,0,1,0,1,
2000,2001,2002,2003,2004,2005,2006,2007,2008,2009,
1,0,3,0,3,1,2,2,3,4,
2000,2001,2002,2003,2004,2005,2006,2007,2008,2009,
1,0,2,2,1,3,0,3,1,3,
2000,2001,2002,2003,2004,2005,2006,2007,2008,2009,
1,1,1,4,0,1,0,0,0,1,
2000,2001,2002,2003,2004,2005,2006,2007,2008,2009,
2,1,1,3,1,0,0,3,0,1,
2000,2001,2002,2003,2004,2005,2006,2007,2008,2009,
1,1,9,1,0,3,3,3,5,2,
2000,2001,2002,2003,2004,2005,2006,2007,2008,2009,
4,2,2,1,0,0,0,3,2,1,
2000,2001,2002,2003,2004,2005,2006,2007,2008,2009,
1,2,1,1,1,3,0,0,1,1,
2000,2001,2002,2003,2004,2005,2006,2007,2008,2009,
1,2,2,2,1,2,0,0,0,1,
2000,2001,2002,2003,2004,2005,2006,2007,2008,2009,
5,0,5,3,1,2,0,4,3,1,
2000,2001,2002,2003,2004,2005,2006,2007,2008,2009,
9,2,8,6,0,6,2,2,0,2,
2000,2001,2002,2003,2004,2005,2006,2007,2008,2009,
2,3,5,2,0,1,0,2,0,1,
2000,2001,2002,2003,2004,2005,2006,2007,2008,2009,
4,0,3,0,0,1,1,2,0,1,
1991,1992,1993,1994,1995,1996,1997,1998,1999,2000,
1,3,2,0,0,1,1,0,0,1,
2000,2001,2002,2003,2004,2005,2006,2007,2008,2009,
1,1,0,2,1,2,0,0,1,3,
2000,2001,2002,2003,2004,2005,2006,2007,2008,2009,
1,0,0,1,0,3,1,2,2,5,
2000,2001,2002,2003,2004,2005,2006,2007,2008,2009,
4,1,1,0,0,1,0,3,0,3,
2000,2001,2002,2003,2004,2005,2006,2007,2008,2009,
5,4,3,9,5,1,2,4,2,2,
2000,2001,2002,2003,2004,2005,2006,2007,2008,2009,
1,3,3,4,1,4,2,2,0,5,
2000,2001,2002,2003,2004,2005,2006,2007,2008,2009,
1,3,1,0,2,2,0,3,0,2,
2000,2001,2002,2003,2004,2005,2006,2007,2008,2009,
1,2,0,3,0,0,0,1,4,4,
2000,2001,2002,2003,2004,2005,2006,2007,2008,2009,
1,2,0,2,0,0,0,1,1,2,
2000,2001,2002,2003,2004,2005,2006,2007,2008,2009,
6,4,7,3,1,0,0,3,0,1,
2000,2001,2002,2003,2004,2005,2006,2007,2008,2009,
1,0,0,1,1,1,0,3,0,3,
2000,2001,2002,2003,2004,2005,2006,2007,2008,2009,
1,6,3,3,5,1,1,1,2,5,
2000,2001,2002,2003,2004,2005,2006,2007,2008,2009,
2,2,2,2,3,1,0,0,0,1,
2000,2001,2002,2003,2004,2005,2006,2007,2008,2009,
1,0,3,4,2,0,1,4,3,1,
2000,2001,2002,2003,2004,2005,2006,2007,2008,2009,
4,8,5,7,3,3,1,4,5,4,
2000,2001,2002,2003,2004,2005,2006,2007,2008,2009,
1,0,2,0,0,1,0,1,1,2,
2000,2001,2002,2003,2004,2005,2006,2007,2008,2009,
2,1,2,1,0,2,0,0,0,2,
2000,2001,2002,2003,2004,2005,2006,2007,2008,2009,
1,2,1,0,0,1,1,0,2,1,
2000,2001,2002,2003,2004,2005,2006,2007,2008,2009,
4,0,2,0,0,1,0,2,2,2,
1999,2000,2001,2002,2003,2004,2005,2006,2007,2008,
1,2,2,0,0,1,2,1,0,1,
2000,2001,2002,2003,2004,2005,2006,2007,2008,2009,
1,1,1,0,1,1,0,1,1,1,
2000,2001,2002,2003,2004,2005,2006,2007,2008,2009,
1,1,0,7,2,0,0,0,1,2,
2000,2001,2002,2003,2004,2005,2006,2007,2008,2009,
6,1,6,4,1,6,6,17,11,11,
2000,2001,2002,2003,2004,2005,2006,2007,2008,2009,
2,2,0,0,1,1,0,1,0,1,
1999,2000,2001,2002,2003,2004,2005,2006,2007,2008,
2,1,1,1,3,0,2,0,1,1,
2000,2001,2002,2003,2004,2005,2006,2007,2008,2009,
1,0,6,0,1,1,1,2,1,5,
2000,2001,2002,2003,2004,2005,2006,2007,2008,2009,
3,1,3,4,3,1,0,2,0,1,
2000,2001,2002,2003,2004,2005,2006,2007,2008,2009,
1,0,0,1,0,1,2,0,2,2,
2000,2001,2002,2003,2004,2005,2006,2007,2008,2009,
4,1,3,2,1,0,1,0,0,1,
2000,2001,2002,2003,2004,2005,2006,2007,2008,2009,
5,9,4,5,0,8,2,3,5,8,
2000,2001,2002,2003,2004,2005,2006,2007,2008,2009,
2,2,0,0,1,1,0,1,0,1,
2000,2001,2002,2003,2004,2005,2006,2007,2008,2009,
1,1,7,6,0,1,6,5,4,4,
1999,2000,2001,2002,2003,2004,2005,2006,2007,2008,
1,0,1,2,0,1,2,0,1,4,
2000,2001,2002,2003,2004,2005,2006,2007,2008,2009,
1,1,5,2,1,3,2,2,2,3,
2000,2001,2002,2003,2004,2005,2006,2007,2008,2009,
1,2,5,3,4,13,6,5,5,3,
2000,2001,2002,2003,2004,2005,2006,2007,2008,2009,
2,3,2,1,1,1,0,0,2,2,
2000,2001,2002,2003,2004,2005,2006,2007,2008,2009,
1,0,1,1,0,1,0,0,2,1,
2000,2001,2002,2003,2004,2005,2006,2007,2008,2009,
3,4,1,2,0,3,2,0,3,4,
2000,2001,2002,2003,2004,2005,2006,2007,2008,2009,
2,3,2,4,2,1,1,1,3,3,
2000,2001,2002,2003,2004,2005,2006,2007,2008,2009,
2,4,4,5,5,2,3,2,10,7,
2000,2001,2002,2003,2004,2005,2006,2007,2008,2009,
3,1,3,3,0,0,0,1,1,1,
2000,2001,2002,2003,2004,2005,2006,2007,2008,2009,
8,0,3,2,1,3,1,4,1,2,
2000,2001,2002,2003,2004,2005,2006,2007,2008,2009,
3,2,3,2,1,1,2,0,4,3,
1999,2000,2001,2002,2003,2004,2005,2006,2007,2008,
1,0,3,1,1,1,1,0,0,1,
1999,2000,2001,2002,2003,2004,2005,2006,2007,2008,
2,3,0,3,3,0,0,4,5,2,
2000,2001,2002,2003,2004,2005,2006,2007,2008,2009,
1,0,0,0,0,1,1,1,1,1,
2000,2001,2002,2003,2004,2005,2006,2007,2008,2009,
1,2,3,3,4,6,1,5,2,4,
2000,2001,2002,2003,2004,2005,2006,2007,2008,2009,
3,0,1,4,0,1,2,1,1,1,
2000,2001,2002,2003,2004,2005,2006,2007,2008,2009,
1,0,0,0,1,1,3,1,5,5,
2000,2001,2002,2003,2004,2005,2006,2007,2008,2009,
2,3,4,9,6,4,10,12,10,6,
2000,2001,2002,2003,2004,2005,2006,2007,2008,2009,
1,1,0,2,1,1,4,3,5,8,
2000,2001,2002,2003,2004,2005,2006,2007,2008,2009,
4,1,3,6,1,4,4,7,10,11,
1999,2000,2001,2002,2003,2004,2005,2006,2007,2008,
2,3,1,1,0,1,0,1,1,1,
1999,2000,2001,2002,2003,2004,2005,2006,2007,2008,
2,3,2,1,1,1,1,0,0,1,
2000,2001,2002,2003,2004,2005,2006,2007,2008,2009,
5,1,1,1,0,0,0,0,1,2,
2000,2001,2002,2003,2004,2005,2006,2007,2008,2009,
2,2,1,1,2,1,3,0,0,1,
2000,2001,2002,2003,2004,2005,2006,2007,2008,2009,
1,1,1,0,3,1,2,0,0,5,
2000,2001,2002,2003,2004,2005,2006,2007,2008,2009,
2,0,2,0,1,0,0,1,4,1,
2000,2001,2002,2003,2004,2005,2006,2007,2008,2009,
1,6,3,4,0,1,2,3,2,2,
1999,2000,2001,2002,2003,2004,2005,2006,2007,2008,
1,0,1,1,1,1,2,1,0,3,
2000,2001,2002,2003,2004,2005,2006,2007,2008,2009,
1,2,0,5,1,1,1,3,5,1,
2000,2001,2002,2003,2004,2005,2006,2007,2008,2009,
1,3,0,5,1,1,10,8,4,9,
2000,2001,2002,2003,2004,2005,2006,2007,2008,2009,
1,5,6,7,1,2,1,2,1,3,
2000,2001,2002,2003,2004,2005,2006,2007,2008,2009,
1,1,4,0,3,1,4,3,2,3,
2000,2001,2002,2003,2004,2005,2006,2007,2008,2009,
7,1,2,6,0,1,0,0,3,5,
2001,2002,2003,2004,2005,2006,2007,2008,2009,2010,
4,10,12,2,9,7,12,6,6,1,
2000,2001,2002,2003,2004,2005,2006,2007,2008,2009,
2,4,3,5,1,2,6,4,4,2,
2000,2001,2002,2003,2004,2005,2006,2007,2008,2009,
2,3,9,9,4,7,1,9,10,6,
2000,2001,2002,2003,2004,2005,2006,2007,2008,2009,
2,2,8,3,0,2,0,0,2,1,
2000,2001,2002,2003,2004,2005,2006,2007,2008,2009,
1,5,4,1,0,2,0,0,1,1,
2000,2001,2002,2003,2004,2005,2006,2007,2008,2009,
2,2,2,7,3,2,11,6,4,14,
2000,2001,2002,2003,2004,2005,2006,2007,2008,2009,
2,4,5,3,0,2,3,2,3,2,
2000,2001,2002,2003,2004,2005,2006,2007,2008,2009,
7,9,5,6,3,3,0,3,2,3,
2000,2001,2002,2003,2004,2005,2006,2007,2008,2009,
1,1,1,1,1,1,2,4,4,2,
2000,2001,2002,2003,2004,2005,2006,2007,2008,2009,
2,5,5,2,0,5,3,4,6,4,
1992,1993,1994,1995,1996,1997,1998,1999,2000,2001,
1,0,1,1,0,1,0,0,1,1,
2000,2001,2002,2003,2004,2005,2006,2007,2008,2009,
2,4,4,12,11,12,3,4,6,8,
2000,2001,2002,2003,2004,2005,2006,2007,2008,2009,
1,1,1,2,0,0,1,0,3,1,
1999,2000,2001,2002,2003,2004,2005,2006,2007,2008,
1,7,2,3,1,1,2,2,0,1,
1999,2000,2001,2002,2003,2004,2005,2006,2007,2008,
2,4,4,0,1,3,1,3,2,2,
1999,2000,2001,2002,2003,2004,2005,2006,2007,2008,
1,2,1,2,0,0,1,0,0,1,
1998,1999,2000,2001,2002,2003,2004,2005,2006,2007,
1,2,2,1,0,2,1,0,0,1,
2000,2001,2002,2003,2004,2005,2006,2007,2008,2009,
1,0,3,3,0,0,1,3,5,8,
2000,2001,2002,2003,2004,2005,2006,2007,2008,2009,
1,1,0,0,0,1,1,1,0,1,
2000,2001,2002,2003,2004,2005,2006,2007,2008,2009,
1,2,0,0,1,0,0,1,1,1,
2000,2001,2002,2003,2004,2005,2006,2007,2008,2009,
1,2,0,1,0,0,1,1,1,1,
2000,2001,2002,2003,2004,2005,2006,2007,2008,2009,
1,1,2,0,0,3,0,1,2,2,
2000,2001,2002,2003,2004,2005,2006,2007,2008,2009,
1,1,1,3,3,0,2,0,2,2,
2000,2001,2002,2003,2004,2005,2006,2007,2008,2009,
1,1,2,2,2,0,1,1,3,1,
1993,1994,1995,1996,1997,1998,1999,2000,2001,2002,
2,0,7,2,2,1,1,0,0,2,
2000,2001,2002,2003,2004,2005,2006,2007,2008,2009,
1,3,0,1,0,1,0,0,1,1,
2000,2001,2002,2003,2004,2005,2006,2007,2008,2009,
1,0,3,1,2,0,1,4,3,4,
2000,2001,2002,2003,2004,2005,2006,2007,2008,2009,
1,2,5,4,0,0,2,2,3,3,
2000,2001,2002,2003,2004,2005,2006,2007,2008,2009,
2,1,4,4,1,3,0,2,2,1,
2000,2001,2002,2003,2004,2005,2006,2007,2008,2009,
2,1,4,1,0,3,1,4,1,2,
2000,2001,2002,2003,2004,2005,2006,2007,2008,2009,
1,2,2,0,4,2,0,0,0,5,
2000,2001,2002,2003,2004,2005,2006,2007,2008,2009,
3,3,1,1,1,3,1,1,3,1,
2000,2001,2002,2003,2004,2005,2006,2007,2008,2009,
3,2,4,1,0,0,0,2,2,3,
2000,2001,2002,2003,2004,2005,2006,2007,2008,2009,
1,0,2,4,2,1,4,1,2,1,
1999,2000,2001,2002,2003,2004,2005,2006,2007,2008,
1,4,3,0,2,1,1,0,1,2,
1999,2000,2001,2002,2003,2004,2005,2006,2007,2008,
1,1,2,3,0,0,1,0,0,1,
1999,2000,2001,2002,2003,2004,2005,2006,2007,2008,
1,3,2,1,1,1,1,0,0,1,
2000,2001,2002,2003,2004,2005,2006,2007,2008,2009,
1,1,3,0,0,0,2,0,2,1,
2000,2001,2002,2003,2004,2005,2006,2007,2008,2009,
1,3,3,5,0,5,1,3,0,2,
2000,2001,2002,2003,2004,2005,2006,2007,2008,2009,
2,6,4,5,7,7,2,1,3,4,
2000,2001,2002,2003,2004,2005,2006,2007,2008,2009,
3,5,1,6,4,1,2,4,1,1,
2000,2001,2002,2003,2004,2005,2006,2007,2008,2009,
2,0,1,2,1,0,0,2,0,1,
2000,2001,2002,2003,2004,2005,2006,2007,2008,2009,
1,8,4,5,1,9,2,4,8,4,
2000,2001,2002,2003,2004,2005,2006,2007,2008,2009,
4,15,28,11,7,8,12,26,43,34,
2000,2001,2002,2003,2004,2005,2006,2007,2008,2009,
1,0,2,0,0,2,0,1,2,2,
1996,1997,1998,1999,2000,2001,2002,2003,2004,2005,
1,0,0,2,2,0,2,1,0,1,
2000,2001,2002,2003,2004,2005,2006,2007,2008,2009,
1,0,2,1,1,1,0,1,3,1,
2000,2001,2002,2003,2004,2005,2006,2007,2008,2009,
2,2,2,3,0,1,3,5,6,10,
2000,2001,2002,2003,2004,2005,2006,2007,2008,2009,
2,6,6,6,4,4,3,7,3,3,
2000,2001,2002,2003,2004,2005,2006,2007,2008,2009,
4,5,4,2,2,2,1,2,2,1,
2000,2001,2002,2003,2004,2005,2006,2007,2008,2009,
2,0,1,0,1,2,0,1,2,2,
2000,2001,2002,2003,2004,2005,2006,2007,2008,2009,
2,1,0,0,0,1,0,1,1,1,
2000,2001,2002,2003,2004,2005,2006,2007,2008,2009,
1,1,1,0,2,3,1,1,2,1,
2000,2001,2002,2003,2004,2005,2006,2007,2008,2009,
1,1,1,1,0,0,1,1,1,1,
2000,2001,2002,2003,2004,2005,2006,2007,2008,2009,
3,4,0,1,1,0,0,1,0,1,
2000,2001,2002,2003,2004,2005,2006,2007,2008,2009,
3,2,1,3,0,0,0,1,0,1,
2000,2001,2002,2003,2004,2005,2006,2007,2008,2009,
3,5,0,1,1,0,3,0,0,3,
2000,2001,2002,2003,2004,2005,2006,2007,2008,2009,
2,3,5,1,0,1,0,3,1,3,
2000,2001,2002,2003,2004,2005,2006,2007,2008,2009,
1,1,1,0,2,0,1,1,1,1,
2000,2001,2002,2003,2004,2005,2006,2007,2008,2009,
2,1,5,2,1,3,2,3,5,3,
2000,2001,2002,2003,2004,2005,2006,2007,2008,2009,
5,3,6,1,3,6,0,4,2,3,
2000,2001,2002,2003,2004,2005,2006,2007,2008,2009,
9,0,4,1,1,3,2,7,4,5,
2000,2001,2002,2003,2004,2005,2006,2007,2008,2009,
1,0,2,1,0,0,0,2,1,1,
2000,2001,2002,2003,2004,2005,2006,2007,2008,2009,
2,6,5,5,2,4,0,1,3,2,
2000,2001,2002,2003,2004,2005,2006,2007,2008,2009,
1,1,1,1,0,2,1,1,3,5,
2000,2001,2002,2003,2004,2005,2006,2007,2008,2009,
1,0,2,2,0,2,0,1,0,1,
2000,2001,2002,2003,2004,2005,2006,2007,2008,2009,
2,1,0,0,0,3,3,1,1,3,
2000,2001,2002,2003,2004,2005,2006,2007,2008,2009,
2,5,1,2,0,0,0,1,0,1,
1999,2000,2001,2002,2003,2004,2005,2006,2007,2008,
1,2,1,1,1,1,1,0,0,1,
2000,2001,2002,2003,2004,2005,2006,2007,2008,2009,
1,1,0,6,2,2,1,1,0,4,
1999,2000,2001,2002,2003,2004,2005,2006,2007,2008,
1,3,1,3,2,2,1,0,1,3,
1999,2000,2001,2002,2003,2004,2005,2006,2007,2008,
1,2,3,3,2,2,4,0,1,2,
2000,2001,2002,2003,2004,2005,2006,2007,2008,2009,
2,1,4,0,0,5,3,4,1,3,
2000,2001,2002,2003,2004,2005,2006,2007,2008,2009,
1,3,4,4,2,1,1,1,5,1,
2000,2001,2002,2003,2004,2005,2006,2007,2008,2009,
3,1,3,1,0,2,2,3,0,1,
2000,2001,2002,2003,2004,2005,2006,2007,2008,2009,
1,1,1,1,0,2,0,1,1,1,
2000,2001,2002,2003,2004,2005,2006,2007,2008,2009,
1,2,4,3,2,2,0,2,0,1,
2000,2001,2002,2003,2004,2005,2006,2007,2008,2009,
4,1,3,0,1,2,0,0,0,2,
2000,2001,2002,2003,2004,2005,2006,2007,2008,2009,
1,1,1,2,0,1,1,4,0,1,
2000,2001,2002,2003,2004,2005,2006,2007,2008,2009,
2,3,1,1,0,0,0,1,1,2,
2000,2001,2002,2003,2004,2005,2006,2007,2008,2009,
3,4,14,6,8,6,1,9,9,3,
2000,2001,2002,2003,2004,2005,2006,2007,2008,2009,
3,5,2,3,3,2,4,1,1,6,
2000,2001,2002,2003,2004,2005,2006,2007,2008,2009,
1,0,1,0,3,1,1,1,1,1,
2000,2001,2002,2003,2004,2005,2006,2007,2008,2009,
2,4,0,4,1,4,2,4,2,4,
2000,2001,2002,2003,2004,2005,2006,2007,2008,2009,
3,1,3,4,0,5,2,0,2,3,
2000,2001,2002,2003,2004,2005,2006,2007,2008,2009,
1,1,1,0,0,1,0,1,0,2,
2000,2001,2002,2003,2004,2005,2006,2007,2008,2009,
1,0,2,1,1,0,1,0,2,1,
1999,2000,2001,2002,2003,2004,2005,2006,2007,2008,
1,3,2,1,1,1,2,0,3,1,
2000,2001,2002,2003,2004,2005,2006,2007,2008,2009,
4,0,5,2,5,2,9,15,4,8,
1999,2000,2001,2002,2003,2004,2005,2006,2007,2008,
2,1,1,0,3,1,3,0,1,1,
1999,2000,2001,2002,2003,2004,2005,2006,2007,2008,
3,6,2,0,3,1,0,0,0,1,
1999,2000,2001,2002,2003,2004,2005,2006,2007,2008,
1,5,1,4,2,1,1,1,0,1,
2000,2001,2002,2003,2004,2005,2006,2007,2008,2009,
3,1,2,1,0,0,0,2,2,1,
1999,2000,2001,2002,2003,2004,2005,2006,2007,2008,
1,1,1,0,0,2,1,0,0,1,
2000,2001,2002,2003,2004,2005,2006,2007,2008,2009,
1,3,3,0,2,0,1,0,0,1,
2000,2001,2002,2003,2004,2005,2006,2007,2008,2009,
1,2,0,2,0,1,1,0,4,1,
2000,2001,2002,2003,2004,2005,2006,2007,2008,2009,
3,3,5,3,0,2,2,1,1,1,
2000,2001,2002,2003,2004,2005,2006,2007,2008,2009,
4,4,2,4,5,0,1,1,0,2,
2000,2001,2002,2003,2004,2005,2006,2007,2008,2009,
2,1,4,0,1,1,0,1,0,1,
2000,2001,2002,2003,2004,2005,2006,2007,2008,2009,
1,8,7,0,2,3,0,0,1,4,
2000,2001,2002,2003,2004,2005,2006,2007,2008,2009,
2,4,5,4,5,2,0,3,3,4,
2000,2001,2002,2003,2004,2005,2006,2007,2008,2009,
2,1,4,0,1,1,1,0,0,1,
2000,2001,2002,2003,2004,2005,2006,2007,2008,2009,
1,3,0,2,0,0,0,3,4,3,
2000,2001,2002,2003,2004,2005,2006,2007,2008,2009,
1,11,14,5,5,6,5,8,5,8,
2000,2001,2002,2003,2004,2005,2006,2007,2008,2009,
1,0,5,3,3,3,0,3,4,3,
2000,2001,2002,2003,2004,2005,2006,2007,2008,2009,
1,2,1,1,2,1,0,0,1,1,
1999,2000,2001,2002,2003,2004,2005,2006,2007,2008,
1,1,0,1,3,2,1,1,0,1,
2000,2001,2002,2003,2004,2005,2006,2007,2008,2009,
1,3,9,11,6,3,14,18,14,18,
2000,2001,2002,2003,2004,2005,2006,2007,2008,2009,
1,0,4,1,0,0,1,1,0,1,
2000,2001,2002,2003,2004,2005,2006,2007,2008,2009,
1,3,3,0,3,2,1,2,4,3,
2000,2001,2002,2003,2004,2005,2006,2007,2008,2009,
3,1,0,2,3,3,5,12,2,4,
2000,2001,2002,2003,2004,2005,2006,2007,2008,2009,
2,2,1,2,0,0,1,1,0,3,
2000,2001,2002,2003,2004,2005,2006,2007,2008,2009,
1,1,0,3,0,1,1,0,0,1,
2000,2001,2002,2003,2004,2005,2006,2007,2008,2009,
5,2,0,6,0,4,1,0,2,3,
2000,2001,2002,2003,2004,2005,2006,2007,2008,2009,
2,0,1,0,3,1,1,0,2,2,
2000,2001,2002,2003,2004,2005,2006,2007,2008,2009,
6,3,1,1,4,0,2,0,2,1,
2000,2001,2002,2003,2004,2005,2006,2007,2008,2009,
1,0,1,0,0,0,1,1,1,2,
2000,2001,2002,2003,2004,2005,2006,2007,2008,2009,
1,2,4,5,5,4,2,1,1,1,
2000,2001,2002,2003,2004,2005,2006,2007,2008,2009,
1,0,1,1,0,2,3,0,1,1,
2000,2001,2002,2003,2004,2005,2006,2007,2008,2009,
1,1,0,1,1,0,0,0,2,3,
2000,2001,2002,2003,2004,2005,2006,2007,2008,2009,
1,0,1,0,0,1,2,0,2,1,
2000,2001,2002,2003,2004,2005,2006,2007,2008,2009,
1,0,2,4,3,1,2,1,0,5,
1999,2000,2001,2002,2003,2004,2005,2006,2007,2008,
2,2,1,1,4,2,2,1,0,2,
2000,2001,2002,2003,2004,2005,2006,2007,2008,2009,
2,4,6,1,1,3,2,3,4,3,
2000,2001,2002,2003,2004,2005,2006,2007,2008,2009,
4,6,2,2,1,3,0,2,1,1,
1999,2000,2001,2002,2003,2004,2005,2006,2007,2008,
1,1,1,1,1,0,1,0,1,2,
2000,2001,2002,2003,2004,2005,2006,2007,2008,2009,
1,1,1,2,0,0,0,0,1,1,
2000,2001,2002,2003,2004,2005,2006,2007,2008,2009,
3,0,2,2,2,4,1,2,4,5,
2000,2001,2002,2003,2004,2005,2006,2007,2008,2009,
1,1,1,1,0,0,0,2,0,1,
2000,2001,2002,2003,2004,2005,2006,2007,2008,2009,
1,2,0,1,1,2,0,0,0,1,
2000,2001,2002,2003,2004,2005,2006,2007,2008,2009,
1,0,1,0,0,0,1,1,1,2,
2000,2001,2002,2003,2004,2005,2006,2007,2008,2009,
3,1,1,0,0,1,1,1,0,3,
2000,2001,2002,2003,2004,2005,2006,2007,2008,2009,
2,2,2,1,0,2,0,3,4,1,
2000,2001,2002,2003,2004,2005,2006,2007,2008,2009,
1,1,0,3,3,1,0,1,4,4,
2000,2001,2002,2003,2004,2005,2006,2007,2008,2009,
2,1,1,1,1,1,1,1,0,1,
2000,2001,2002,2003,2004,2005,2006,2007,2008,2009,
1,0,0,2,0,0,3,1,1,1,
2000,2001,2002,2003,2004,2005,2006,2007,2008,2009,
4,7,3,9,6,2,0,6,4,3,
2000,2001,2002,2003,2004,2005,2006,2007,2008,2009,
4,20,18,25,17,13,11,21,25,14,
2000,2001,2002,2003,2004,2005,2006,2007,2008,2009,
1,1,1,0,1,1,0,0,2,1,
2000,2001,2002,2003,2004,2005,2006,2007,2008,2009,
1,2,1,2,4,3,0,3,4,2,
2000,2001,2002,2003,2004,2005,2006,2007,2008,2009,
2,3,2,0,0,5,1,0,1,4,
2000,2001,2002,2003,2004,2005,2006,2007,2008,2009,
4,1,2,4,4,0,2,2,0,1,
2000,2001,2002,2003,2004,2005,2006,2007,2008,2009,
3,1,7,7,1,5,1,3,4,9,
2000,2001,2002,2003,2004,2005,2006,2007,2008,2009,
2,1,3,0,0,2,3,3,1,1,
2000,2001,2002,2003,2004,2005,2006,2007,2008,2009,
5,3,3,2,2,0,0,1,0,2,
2000,2001,2002,2003,2004,2005,2006,2007,2008,2009,
1,1,2,1,0,0,0,2,1,3,
1994,1995,1996,1997,1998,1999,2000,2001,2002,2003,
1,0,0,3,1,0,1,2,0,1,
2000,2001,2002,2003,2004,2005,2006,2007,2008,2009,
1,0,0,0,1,1,1,2,1,2,
1973,1974,1975,1976,1977,1978,1979,1980,1981,1982,
1,2,1,2,3,2,2,0,1,1,
2000,2001,2002,2003,2004,2005,2006,2007,2008,2009,
2,1,0,2,3,2,1,2,1,1,
2000,2001,2002,2003,2004,2005,2006,2007,2008,2009,
2,1,0,0,1,1,1,1,1,1,
2000,2001,2002,2003,2004,2005,2006,2007,2008,2009,
2,1,1,0,0,0,1,1,0,3,
1999,2000,2001,2002,2003,2004,2005,2006,2007,2008,
4,2,2,2,1,2,0,0,0,3,
1989,1990,1991,1992,1993,1994,1995,1996,1997,1998,
3,2,2,3,3,0,1,0,1,1,
2000,2001,2002,2003,2004,2005,2006,2007,2008,2009,
1,1,0,0,0,2,1,4,4,3,
2000,2001,2002,2003,2004,2005,2006,2007,2008,2009,
1,0,1,2,0,2,8,5,17,12,
2000,2001,2002,2003,2004,2005,2006,2007,2008,2009,
1,0,0,1,1,0,1,2,5,1,
2000,2001,2002,2003,2004,2005,2006,2007,2008,2009,
2,3,6,1,1,5,4,13,6,9,
2000,2001,2002,2003,2004,2005,2006,2007,2008,2009,
4,2,8,2,1,4,1,2,1,1,
2000,2001,2002,2003,2004,2005,2006,2007,2008,2009,
1,0,1,1,1,0,0,0,1,2,
2000,2001,2002,2003,2004,2005,2006,2007,2008,2009,
3,6,5,1,1,1,0,8,2,2,
2000,2001,2002,2003,2004,2005,2006,2007,2008,2009,
1,1,0,2,1,2,1,2,1,1,
1984,1985,1986,1987,1988,1989,1990,1991,1992,1993,
1,0,0,2,0,1,0,2,1,2,
2000,2001,2002,2003,2004,2005,2006,2007,2008,2009,
1,1,1,6,3,2,2,2,1,2,
1969,1970,1971,1972,1973,1974,1975,1976,1977,1978,
1,2,5,2,3,4,0,5,2,1,
2000,2001,2002,2003,2004,2005,2006,2007,2008,2009,
1,4,2,1,3,7,2,3,7,2,
2000,2001,2002,2003,2004,2005,2006,2007,2008,2009,
5,0,7,3,0,1,1,1,0,1,
2000,2001,2002,2003,2004,2005,2006,2007,2008,2009,
2,3,5,8,3,4,3,4,0,3,
2000,2001,2002,2003,2004,2005,2006,2007,2008,2009,
1,1,5,1,0,4,11,6,13,5,
2000,2001,2002,2003,2004,2005,2006,2007,2008,2009,
2,0,2,1,0,0,2,2,6,2,
2000,2001,2002,2003,2004,2005,2006,2007,2008,2009,
2,2,4,2,1,3,0,2,4,2,
1980,1981,1982,1983,1984,1985,1986,1987,1988,1989,
1,1,0,1,0,0,0,1,1,1,
1979,1980,1981,1982,1983,1984,1985,1986,1987,1988,
1,1,0,0,0,1,1,1,0,1,
2000,2001,2002,2003,2004,2005,2006,2007,2008,2009,
1,1,3,1,3,5,2,4,1,2,
2000,2001,2002,2003,2004,2005,2006,2007,2008,2009,
2,8,5,4,4,4,3,8,6,7,
2000,2001,2002,2003,2004,2005,2006,2007,2008,2009,
2,3,2,4,2,2,0,0,1,1,
2000,2001,2002,2003,2004,2005,2006,2007,2008,2009,
1,2,2,0,0,1,0,2,0,1,
2000,2001,2002,2003,2004,2005,2006,2007,2008,2009,
3,2,2,1,2,1,2,0,5,1,
1970,1971,1972,1973,1974,1975,1976,1977,1978,1979,
1,1,4,2,1,0,1,0,0,1,
2000,2001,2002,2003,2004,2005,2006,2007,2008,2009,
1,0,2,1,0,1,0,0,2,1,
2000,2001,2002,2003,2004,2005,2006,2007,2008,2009,
1,1,2,2,0,2,0,1,1,2,
1982,1983,1984,1985,1986,1987,1988,1989,1990,1991,
1,1,0,0,0,0,1,1,1,1,
2000,2001,2002,2003,2004,2005,2006,2007,2008,2009,
1,1,2,2,4,3,8,9,12,5,
2000,2001,2002,2003,2004,2005,2006,2007,2008,2009,
1,2,1,0,0,1,0,1,1,1,
2000,2001,2002,2003,2004,2005,2006,2007,2008,2009,
2,0,0,1,3,0,0,4,1,1,
2000,2001,2002,2003,2004,2005,2006,2007,2008,2009,
2,2,7,4,7,5,1,2,1,3,
1974,1975,1976,1977,1978,1979,1980,1981,1982,1983,
2,4,1,2,2,1,1,1,0,1,
2000,2001,2002,2003,2004,2005,2006,2007,2008,2009,
1,0,2,1,0,0,1,1,0,1,
2000,2001,2002,2003,2004,2005,2006,2007,2008,2009,
1,0,1,2,3,0,1,0,4,1,
2000,2001,2002,2003,2004,2005,2006,2007,2008,2009,
2,3,4,0,1,0,0,2,2,2,
2000,2001,2002,2003,2004,2005,2006,2007,2008,2009,
2,1,0,0,1,1,4,1,3,1,
2000,2001,2002,2003,2004,2005,2006,2007,2008,2009,
2,0,1,2,0,2,1,1,1,1,
2000,2001,2002,2003,2004,2005,2006,2007,2008,2009,
2,0,3,5,2,1,0,2,3,4,
2000,2001,2002,2003,2004,2005,2006,2007,2008,2009,
1,1,1,2,0,1,0,0,0,1,
1978,1979,1980,1981,1982,1983,1984,1985,1986,1987,
1,1,0,3,0,1,2,1,0,1,
2000,2001,2002,2003,2004,2005,2006,2007,2008,2009,
1,0,1,1,0,1,0,1,3,1,
2000,2001,2002,2003,2004,2005,2006,2007,2008,2009,
1,0,1,0,0,4,1,8,3,1,
1984,1985,1986,1987,1988,1989,1990,1991,1992,1993,
5,1,0,1,1,4,0,1,2,1,
1962,1963,1964,1965,1966,1967,1968,1969,1970,1971,
1,2,3,0,1,0,0,1,0,1,
2000,2001,2002,2003,2004,2005,2006,2007,2008,2009,
1,3,1,3,1,3,4,4,0,2,
2000,2001,2002,2003,2004,2005,2006,2007,2008,2009,
2,4,1,5,2,2,2,3,2,3,
2000,2001,2002,2003,2004,2005,2006,2007,2008,2009,
2,2,20,11,0,8,2,11,6,10,
2001,2002,2003,2004,2005,2006,2007,2008,2009,2010,
1,2,1,2,2,1,0,3,1,1,
2000,2001,2002,2003,2004,2005,2006,2007,2008,2009,
1,2,1,2,0,1,1,0,0,1,
1965,1966,1967,1968,1969,1970,1971,1972,1973,1974,
3,0,2,2,1,0,0,1,0,1,
1982,1983,1984,1985,1986,1987,1988,1989,1990,1991,
2,1,4,1,1,1,2,1,0,1,
2000,2001,2002,2003,2004,2005,2006,2007,2008,2009,
1,1,0,1,0,4,5,2,6,4,
2000,2001,2002,2003,2004,2005,2006,2007,2008,2009,
1,3,2,11,3,2,2,3,1,3,
2000,2001,2002,2003,2004,2005,2006,2007,2008,2009,
1,1,6,2,1,2,2,1,1,1,
1981,1982,1983,1984,1985,1986,1987,1988,1989,1990,
3,1,1,1,0,0,2,0,0,1,
1984,1985,1986,1987,1988,1989,1990,1991,1992,1993,
1,0,0,1,1,0,0,1,2,1,
2000,2001,2002,2003,2004,2005,2006,2007,2008,2009,
1,2,3,4,1,2,1,0,1,2,
1980,1981,1982,1983,1984,1985,1986,1987,1988,1989,
1,0,1,2,1,1,2,0,1,1,
2000,2001,2002,2003,2004,2005,2006,2007,2008,2009,
1,0,1,0,1,0,1,1,0,2,
2000,2001,2002,2003,2004,2005,2006,2007,2008,2009,
1,1,0,0,0,1,1,0,1,1,
2000,2001,2002,2003,2004,2005,2006,2007,2008,2009,
1,0,1,1,1,1,1,0,4,8,
2000,2001,2002,2003,2004,2005,2006,2007,2008,2009,
2,1,0,4,1,0,1,2,3,3,
2000,2001,2002,2003,2004,2005,2006,2007,2008,2009,
4,2,3,6,3,1,4,1,6,7,
2000,2001,2002,2003,2004,2005,2006,2007,2008,2009,
1,1,0,1,1,1,1,1,1,1,
2000,2001,2002,2003,2004,2005,2006,2007,2008,2009,
1,1,1,0,0,1,1,0,0,1,
1993,1994,1995,1996,1997,1998,1999,2000,2001,2002,
1,1,4,2,1,1,1,1,1,1,
1999,2000,2001,2002,2003,2004,2005,2006,2007,2008,
2,3,4,3,2,2,0,1,1,1,
2000,2001,2002,2003,2004,2005,2006,2007,2008,2009,
2,2,0,1,2,3,0,0,2,1,
2000,2001,2002,2003,2004,2005,2006,2007,2008,2009,
1,2,1,1,1,0,0,0,2,1,
1996,1997,1998,1999,2000,2001,2002,2003,2004,2005,
1,1,0,2,1,2,1,2,0,1,
1999,2000,2001,2002,2003,2004,2005,2006,2007,2008,
3,1,3,1,4,1,0,0,2,1,
1998,1999,2000,2001,2002,2003,2004,2005,2006,2007,
1,2,1,0,3,3,2,1,1,1,
1998,1999,2000,2001,2002,2003,2004,2005,2006,2007,
1,0,0,0,1,1,4,2,1,1,
1997,1998,1999,2000,2001,2002,2003,2004,2005,2006,
1,1,2,0,3,1,0,0,0,1,
2000,2001,2002,2003,2004,2005,2006,2007,2008,2009,
1,1,1,0,2,1,1,3,2,1,
2000,2001,2002,2003,2004,2005,2006,2007,2008,2009,
1,2,1,0,4,1,1,2,1,2,
1999,2000,2001,2002,2003,2004,2005,2006,2007,2008,
2,1,2,2,0,0,0,0,1,1,
1998,1999,2000,2001,2002,2003,2004,2005,2006,2007,
1,3,3,1,0,1,0,0,0,1,
2000,2001,2002,2003,2004,2005,2006,2007,2008,2009,
2,3,1,4,7,7,7,12,15,10,
1998,1999,2000,2001,2002,2003,2004,2005,2006,2007,
1,1,0,3,1,2,0,0,0,1,
2000,2001,2002,2003,2004,2005,2006,2007,2008,2009,
1,1,2,2,2,0,4,2,2,2,
2000,2001,2002,2003,2004,2005,2006,2007,2008,2009,
1,1,1,0,0,2,0,0,2,1,
2000,2001,2002,2003,2004,2005,2006,2007,2008,2009,
1,3,3,1,2,1,1,0,1,2,
1999,2000,2001,2002,2003,2004,2005,2006,2007,2008,
1,1,4,2,2,1,0,0,1,2,
2000,2001,2002,2003,2004,2005,2006,2007,2008,2009,
2,5,2,4,1,1,1,0,0,1,
1996,1997,1998,1999,2000,2001,2002,2003,2004,2005,
1,0,1,3,3,1,0,0,0,1,
2000,2001,2002,2003,2004,2005,2006,2007,2008,2009,
1,0,0,1,1,1,0,4,4,2,
2000,2001,2002,2003,2004,2005,2006,2007,2008,2009,
2,2,3,0,1,2,0,2,2,2,
1994,1995,1996,1997,1998,1999,2000,2001,2002,2003,
1,0,2,3,3,2,3,1,1,1,
2000,2001,2002,2003,2004,2005,2006,2007,2008,2009,
1,4,4,6,4,3,0,3,3,1,
2000,2001,2002,2003,2004,2005,2006,2007,2008,2009,
1,1,0,1,2,2,1,1,2,2,
2000,2001,2002,2003,2004,2005,2006,2007,2008,2009,
1,3,1,0,0,0,1,1,1,1,
2000,2001,2002,2003,2004,2005,2006,2007,2008,2009,
2,3,0,2,2,1,0,1,1,1,
1999,2000,2001,2002,2003,2004,2005,2006,2007,2008,
2,5,2,2,2,0,1,1,0,1,
1993,1994,1995,1996,1997,1998,1999,2000,2001,2002,
5,2,6,1,0,1,0,0,1,2,
2000,2001,2002,2003,2004,2005,2006,2007,2008,2009,
1,2,2,7,4,2,5,5,9,13,
2000,2001,2002,2003,2004,2005,2006,2007,2008,2009,
1,1,3,1,0,0,3,3,4,8,
1993,1994,1995,1996,1997,1998,1999,2000,2001,2002,
2,1,3,0,0,1,0,1,2,2,
2000,2001,2002,2003,2004,2005,2006,2007,2008,2009,
1,0,4,2,1,1,0,0,0,1,
2000,2001,2002,2003,2004,2005,2006,2007,2008,2009,
1,6,2,1,0,5,1,1,4,6,
2000,2001,2002,2003,2004,2005,2006,2007,2008,2009,
1,2,0,1,0,1,0,2,1,1,
1991,1992,1993,1994,1995,1996,1997,1998,1999,2000,
3,1,2,1,1,0,0,0,0,1,
2000,2001,2002,2003,2004,2005,2006,2007,2008,2009,
2,0,1,2,1,0,1,1,3,1,
1999,2000,2001,2002,2003,2004,2005,2006,2007,2008,
3,1,1,1,2,1,0,2,0,1,
1998,1999,2000,2001,2002,2003,2004,2005,2006,2007,
5,4,3,3,2,0,4,0,1,1,
2000,2001,2002,2003,2004,2005,2006,2007,2008,2009,
1,0,1,0,0,1,1,0,1,1,
2000,2001,2002,2003,2004,2005,2006,2007,2008,2009,
5,5,2,0,0,0,0,4,1,1,
1999,2000,2001,2002,2003,2004,2005,2006,2007,2008,
1,5,0,1,2,0,0,1,1,1,
2000,2001,2002,2003,2004,2005,2006,2007,2008,2009,
2,3,1,3,0,2,1,0,2,1,
1980,1981,1982,1983,1984,1985,1986,1987,1988,1989,
1,1,2,3,1,0,1,0,0,2,
1999,2000,2001,2002,2003,2004,2005,2006,2007,2008,
3,6,3,0,4,1,0,1,0,1,
2000,2001,2002,2003,2004,2005,2006,2007,2008,2009,
1,0,1,0,1,1,0,1,1,2,
1992,1993,1994,1995,1996,1997,1998,1999,2000,2001,
1,1,1,1,0,1,0,0,0,1,
1998,1999,2000,2001,2002,2003,2004,2005,2006,2007,
2,0,0,0,1,1,1,1,0,1,
2000,2001,2002,2003,2004,2005,2006,2007,2008,2009,
1,3,3,3,0,0,1,4,2,4,
1996,1997,1998,1999,2000,2001,2002,2003,2004,2005,
3,1,2,1,1,0,0,0,0,1,
1992,1993,1994,1995,1996,1997,1998,1999,2000,2001,
2,4,2,2,0,1,0,0,0,1,
2000,2001,2002,2003,2004,2005,2006,2007,2008,2009,
1,1,1,1,1,0,0,0,1,2,
1996,1997,1998,1999,2000,2001,2002,2003,2004,2005,
2,2,0,2,3,3,2,0,0,1,
1998,1999,2000,2001,2002,2003,2004,2005,2006,2007,
1,0,6,1,0,1,1,0,0,1,
2000,2001,2002,2003,2004,2005,2006,2007,2008,2009,
2,1,2,1,1,3,0,0,0,1,
1993,1994,1995,1996,1997,1998,1999,2000,2001,2002,
3,3,2,2,1,0,0,1,1,2,
2000,2001,2002,2003,2004,2005,2006,2007,2008,2009,
1,1,0,1,0,1,2,0,0,3,
2000,2001,2002,2003,2004,2005,2006,2007,2008,2009,
1,1,0,1,0,0,0,1,1,1,
1998,1999,2000,2001,2002,2003,2004,2005,2006,2007,
1,1,2,2,1,0,0,0,0,1,
1998,1999,2000,2001,2002,2003,2004,2005,2006,2007,
1,0,1,4,7,0,0,0,1,3,
2000,2001,2002,2003,2004,2005,2006,2007,2008,2009,
1,1,0,0,1,0,1,2,5,3,
2000,2001,2002,2003,2004,2005,2006,2007,2008,2009,
1,1,0,1,1,2,2,2,5,2,
1999,2000,2001,2002,2003,2004,2005,2006,2007,2008,
1,1,0,2,0,1,1,0,1,1,
1999,2000,2001,2002,2003,2004,2005,2006,2007,2008,
3,5,13,8,8,4,1,2,3,1,
1992,1993,1994,1995,1996,1997,1998,1999,2000,2001,
1,1,1,1,0,1,0,0,0,3,
2000,2001,2002,2003,2004,2005,2006,2007,2008,2009,
1,2,3,6,3,4,0,0,3,2,
1999,2000,2001,2002,2003,2004,2005,2006,2007,2008,
3,0,1,2,1,0,1,0,0,3,
2000,2001,2002,2003,2004,2005,2006,2007,2008,2009,
1,1,3,2,1,2,2,1,0,1,
1999,2000,2001,2002,2003,2004,2005,2006,2007,2008,
2,5,4,5,5,1,7,2,5,2,
2000,2001,2002,2003,2004,2005,2006,2007,2008,2009,
2,1,2,2,1,0,0,0,1,1,
1999,2000,2001,2002,2003,2004,2005,2006,2007,2008,
2,1,2,3,1,1,1,0,0,1,
1998,1999,2000,2001,2002,2003,2004,2005,2006,2007,
2,0,1,1,4,3,0,0,1,2,
1998,1999,2000,2001,2002,2003,2004,2005,2006,2007,
1,0,2,9,1,1,1,0,1,2,
1999,2000,2001,2002,2003,2004,2005,2006,2007,2008,
2,1,2,3,1,1,0,5,1,4,
2000,2001,2002,2003,2004,2005,2006,2007,2008,2009,
1,0,2,1,1,1,0,1,5,2,
1995,1996,1997,1998,1999,2000,2001,2002,2003,2004,
1,0,2,0,0,1,1,1,0,1,
1995,1996,1997,1998,1999,2000,2001,2002,2003,2004,
1,1,0,0,1,1,5,0,0,1,
1999,2000,2001,2002,2003,2004,2005,2006,2007,2008,
1,1,3,1,3,1,2,1,0,1,
2000,2001,2002,2003,2004,2005,2006,2007,2008,2009,
1,1,0,1,0,0,1,1,1,1,
2000,2001,2002,2003,2004,2005,2006,2007,2008,2009,
3,2,8,2,1,4,6,7,6,4,
1992,1993,1994,1995,1996,1997,1998,1999,2000,2001,
1,0,1,2,0,3,0,1,0,1,
1990,1991,1992,1993,1994,1995,1996,1997,1998,1999,
1,1,3,1,3,2,0,1,0,1,
2000,2001,2002,2003,2004,2005,2006,2007,2008,2009,
1,2,1,1,1,0,1,2,3,3,
2000,2001,2002,2003,2004,2005,2006,2007,2008,2009,
1,0,2,3,1,3,0,0,2,1,
2000,2001,2002,2003,2004,2005,2006,2007,2008,2009,
1,1,1,0,0,1,0,1,2,1,
1994,1995,1996,1997,1998,1999,2000,2001,2002,2003,
1,3,1,0,1,1,2,0,1,3,
2000,2001,2002,2003,2004,2005,2006,2007,2008,2009,
1,1,1,3,0,1,0,3,4,2,
2000,2001,2002,2003,2004,2005,2006,2007,2008,2009,
2,0,1,1,1,1,1,0,1,2,
2000,2001,2002,2003,2004,2005,2006,2007,2008,2009,
1,0,0,1,1,2,1,0,0,2,
1998,1999,2000,2001,2002,2003,2004,2005,2006,2007,
3,3,9,3,4,4,1,2,0,2,
1989,1990,1991,1992,1993,1994,1995,1996,1997,1998,
2,1,0,4,3,1,0,0,0,1,
1999,2000,2001,2002,2003,2004,2005,2006,2007,2008,
1,4,5,1,0,0,1,0,0,3,
2000,2001,2002,2003,2004,2005,2006,2007,2008,2009,
1,0,3,1,1,1,0,0,1,1,
1991,1992,1993,1994,1995,1996,1997,1998,1999,2000,
2,6,2,1,0,0,1,1,1,1,
2000,2001,2002,2003,2004,2005,2006,2007,2008,2009,
1,5,6,3,0,2,4,2,3,3,
1997,1998,1999,2000,2001,2002,2003,2004,2005,2006,
1,0,1,1,0,1,1,0,0,1,
2000,2001,2002,2003,2004,2005,2006,2007,2008,2009,
1,1,3,2,2,5,0,5,2,3,
2000,2001,2002,2003,2004,2005,2006,2007,2008,2009,
1,1,3,1,2,4,1,0,0,1,
2000,2001,2002,2003,2004,2005,2006,2007,2008,2009,
1,1,1,5,0,2,1,0,0,4,
2001,2002,2003,2004,2005,2006,2007,2008,2009,2010,
3,1,8,0,2,3,5,9,9,1,
2000,2001,2002,2003,2004,2005,2006,2007,2008,2009,
2,2,1,1,0,0,0,0,1,1,
1998,1999,2000,2001,2002,2003,2004,2005,2006,2007,
2,2,6,1,5,3,2,0,0,2,
2000,2001,2002,2003,2004,2005,2006,2007,2008,2009,
1,7,2,7,5,2,0,3,4,1,
1999,2000,2001,2002,2003,2004,2005,2006,2007,2008,
1,1,0,5,2,1,0,2,1,3,
2000,2001,2002,2003,2004,2005,2006,2007,2008,2009,
2,2,1,1,1,0,0,1,1,1,
1994,1995,1996,1997,1998,1999,2000,2001,2002,2003,
2,7,1,1,1,1,0,0,0,1,
2000,2001,2002,2003,2004,2005,2006,2007,2008,2009,
2,2,0,2,1,2,3,5,0,3,
1998,1999,2000,2001,2002,2003,2004,2005,2006,2007,
1,1,2,1,1,0,1,1,0,1,
2000,2001,2002,2003,2004,2005,2006,2007,2008,2009,
1,0,2,1,1,0,3,1,3,1,
2000,2001,2002,2003,2004,2005,2006,2007,2008,2009,
1,0,0,2,0,2,0,1,1,1,
1992,1993,1994,1995,1996,1997,1998,1999,2000,2001,
1,1,1,1,0,1,0,0,0,1,
2000,2001,2002,2003,2004,2005,2006,2007,2008,2009,
2,0,3,1,0,0,3,5,0,3,
1998,1999,2000,2001,2002,2003,2004,2005,2006,2007,
3,2,1,1,0,2,1,3,1,3,
2000,2001,2002,2003,2004,2005,2006,2007,2008,2009,
1,4,2,2,0,2,0,1,0,1,
2000,2001,2002,2003,2004,2005,2006,2007,2008,2009,
1,1,3,4,4,3,8,7,7,1,
2000,2001,2002,2003,2004,2005,2006,2007,2008,2009,
1,1,0,1,0,1,0,0,1,1,
1999,2000,2001,2002,2003,2004,2005,2006,2007,2008,
1,1,3,0,1,1,0,1,0,1,
1993,1994,1995,1996,1997,1998,1999,2000,2001,2002,
3,1,1,0,1,0,1,1,1,1,
1996,1997,1998,1999,2000,2001,2002,2003,2004,2005,
1,2,0,0,1,2,1,1,0,1,
2000,2001,2002,2003,2004,2005,2006,2007,2008,2009,
2,7,6,6,3,10,2,1,0,3,
2000,2001,2002,2003,2004,2005,2006,2007,2008,2009,
1,4,3,2,0,0,0,1,2,1,
1998,1999,2000,2001,2002,2003,2004,2005,2006,2007,
1,1,0,2,3,1,2,1,0,2,
1989,1990,1991,1992,1993,1994,1995,1996,1997,1998,
1,1,2,0,4,0,1,1,0,1,
1991,1992,1993,1994,1995,1996,1997,1998,1999,2000,
2,1,3,2,1,1,1,0,1,1,
1991,1992,1993,1994,1995,1996,1997,1998,1999,2000,
6,1,2,1,2,0,0,0,0,1,
1992,1993,1994,1995,1996,1997,1998,1999,2000,2001,
2,1,1,1,1,0,0,0,0,1,
1993,1994,1995,1996,1997,1998,1999,2000,2001,2002,
1,1,1,1,0,0,1,0,3,1,
1988,1989,1990,1991,1992,1993,1994,1995,1996,1997,
1,3,3,0,0,1,0,2,0,1,
1991,1992,1993,1994,1995,1996,1997,1998,1999,2000,
1,1,0,0,1,2,3,1,1,1,
1992,1993,1994,1995,1996,1997,1998,1999,2000,2001,
1,3,3,5,2,5,0,0,1,1,
2000,2001,2002,2003,2004,2005,2006,2007,2008,2009,
1,1,2,2,1,5,2,1,9,2,
1986,1987,1988,1989,1990,1991,1992,1993,1994,1995,
1,0,1,0,1,1,0,0,1,2,
1995,1996,1997,1998,1999,2000,2001,2002,2003,2004,
2,0,2,1,0,2,0,0,1,1,
1991,1992,1993,1994,1995,1996,1997,1998,1999,2000,
1,2,3,2,1,0,0,0,0,1,
1988,1989,1990,1991,1992,1993,1994,1995,1996,1997,
1,0,1,1,1,2,0,0,0,1,
1989,1990,1991,1992,1993,1994,1995,1996,1997,1998,
1,1,4,2,0,0,1,0,0,1,
1991,1992,1993,1994,1995,1996,1997,1998,1999,2000,
1,0,2,1,1,0,1,1,0,1,
1998,1999,2000,2001,2002,2003,2004,2005,2006,2007,
1,1,0,1,1,0,0,1,0,2,
1991,1992,1993,1994,1995,1996,1997,1998,1999,2000,
2,3,4,0,1,1,1,0,0,1,
1991,1992,1993,1994,1995,1996,1997,1998,1999,2000,
1,1,1,1,1,0,0,2,0,1,
1994,1995,1996,1997,1998,1999,2000,2001,2002,2003,
1,1,0,0,0,0,1,1,1,2,
1991,1992,1993,1994,1995,1996,1997,1998,1999,2000,
2,1,0,1,2,0,1,0,0,1,
1989,1990,1991,1992,1993,1994,1995,1996,1997,1998,
1,1,1,0,0,1,2,0,0,1,
1992,1993,1994,1995,1996,1997,1998,1999,2000,2001,
1,2,0,2,0,0,1,0,1,1,
1990,1991,1992,1993,1994,1995,1996,1997,1998,1999,
2,4,0,1,0,1,0,0,1,1,
1989,1990,1991,1992,1993,1994,1995,1996,1997,1998,
2,1,4,2,0,1,0,0,0,1,
1988,1989,1990,1991,1992,1993,1994,1995,1996,1997,
1,1,1,2,2,1,0,0,0,1,
1990,1991,1992,1993,1994,1995,1996,1997,1998,1999,
1,2,0,0,0,1,1,1,0,1,
1989,1990,1991,1992,1993,1994,1995,1996,1997,1998,
1,1,5,0,2,3,0,0,0,1,
1991,1992,1993,1994,1995,1996,1997,1998,1999,2000,
3,1,1,1,1,0,1,0,0,1,
1996,1997,1998,1999,2000,2001,2002,2003,2004,2005,
1,0,1,0,1,0,1,3,0,1,
2000,2001,2002,2003,2004,2005,2006,2007,2008,2009,
1,0,1,1,1,1,1,1,2,1,
1991,1992,1993,1994,1995,1996,1997,1998,1999,2000,
2,1,2,0,2,0,1,2,0,1,
2000,2001,2002,2003,2004,2005,2006,2007,2008,2009,
1,0,6,0,0,0,1,1,1,1,
1993,1994,1995,1996,1997,1998,1999,2000,2001,2002,
1,0,1,0,1,1,0,0,1,1,
1992,1993,1994,1995,1996,1997,1998,1999,2000,2001,
1,2,0,1,0,1,1,0,1,1,
1993,1994,1995,1996,1997,1998,1999,2000,2001,2002,
2,0,0,0,1,1,2,2,1,1,
1990,1991,1992,1993,1994,1995,1996,1997,1998,1999,
1,3,4,2,2,4,0,1,0,2,
1990,1991,1992,1993,1994,1995,1996,1997,1998,1999,
3,4,1,1,0,2,0,1,1,2,
1988,1989,1990,1991,1992,1993,1994,1995,1996,1997,
1,2,0,2,1,1,1,1,0,2,
1989,1990,1991,1992,1993,1994,1995,1996,1997,1998,
1,0,5,4,1,0,3,1,1,2,
1994,1995,1996,1997,1998,1999,2000,2001,2002,2003,
2,2,2,2,0,2,0,0,2,1,
1988,1989,1990,1991,1992,1993,1994,1995,1996,1997,
1,3,0,0,0,1,1,1,1,1,
2000,2001,2002,2003,2004,2005,2006,2007,2008,2009,
1,1,1,3,0,1,0,1,0,1,
1988,1989,1990,1991,1992,1993,1994,1995,1996,1997,
3,4,2,2,1,0,0,0,0,1,
1989,1990,1991,1992,1993,1994,1995,1996,1997,1998,
1,2,5,0,2,1,0,0,0,1,
1991,1992,1993,1994,1995,1996,1997,1998,1999,2000,
2,1,4,1,3,0,1,2,2,1,
1991,1992,1993,1994,1995,1996,1997,1998,1999,2000,
1,0,1,0,1,1,0,0,1,1,
1990,1991,1992,1993,1994,1995,1996,1997,1998,1999,
1,3,1,1,0,1,0,0,0,1,
1992,1993,1994,1995,1996,1997,1998,1999,2000,2001,
1,0,0,1,0,0,1,1,1,1,
1992,1993,1994,1995,1996,1997,1998,1999,2000,2001,
1,0,1,1,1,1,1,1,1,2,
1991,1992,1993,1994,1995,1996,1997,1998,1999,2000,
2,0,1,0,1,0,1,1,0,2,
2000,2001,2002,2003,2004,2005,2006,2007,2008,2009,
1,2,3,2,0,0,1,2,1,4,
1992,1993,1994,1995,1996,1997,1998,1999,2000,2001,
1,2,2,5,1,0,2,2,1,3,
1991,1992,1993,1994,1995,1996,1997,1998,1999,2000,
2,2,1,0,1,0,1,1,0,1,
1991,1992,1993,1994,1995,1996,1997,1998,1999,2000,
2,0,2,0,1,0,1,0,1,2,
2000,2001,2002,2003,2004,2005,2006,2007,2008,2009,
1,0,1,0,0,2,2,1,1,1,
1993,1994,1995,1996,1997,1998,1999,2000,2001,2002,
1,0,1,2,0,3,0,0,2,1,
1992,1993,1994,1995,1996,1997,1998,1999,2000,2001,
1,1,1,0,1,1,3,0,0,1,
1996,1997,1998,1999,2000,2001,2002,2003,2004,2005,
1,0,0,0,1,1,1,0,1,1,
1993,1994,1995,1996,1997,1998,1999,2000,2001,2002,
4,0,1,1,1,1,3,1,0,1,
1993,1994,1995,1996,1997,1998,1999,2000,2001,2002,
1,1,2,1,0,0,0,0,1,1,
1992,1993,1994,1995,1996,1997,1998,1999,2000,2001,
3,3,0,2,1,2,0,0,0,1,
1992,1993,1994,1995,1996,1997,1998,1999,2000,2001,
1,1,1,1,0,0,1,0,0,1,
1993,1994,1995,1996,1997,1998,1999,2000,2001,2002,
2,2,3,0,2,0,0,1,0,2,
1991,1992,1993,1994,1995,1996,1997,1998,1999,2000,
1,1,1,2,0,0,0,0,1,1,
1993,1994,1995,1996,1997,1998,1999,2000,2001,2002,
1,0,1,1,0,0,0,2,1,3,
1992,1993,1994,1995,1996,1997,1998,1999,2000,2001,
1,2,1,1,0,1,0,0,1,1,
1993,1994,1995,1996,1997,1998,1999,2000,2001,2002,
2,3,0,1,1,2,1,1,1,1,
1993,1994,1995,1996,1997,1998,1999,2000,2001,2002,
1,0,1,1,3,0,1,1,0,1,
1993,1994,1995,1996,1997,1998,1999,2000,2001,2002,
3,0,0,1,0,1,2,1,0,2,
1993,1994,1995,1996,1997,1998,1999,2000,2001,2002,
1,0,3,0,1,1,0,0,2,2,
1993,1994,1995,1996,1997,1998,1999,2000,2001,2002,
1,1,0,2,0,1,0,3,0,1,
1993,1994,1995,1996,1997,1998,1999,2000,2001,2002,
1,3,1,1,0,1,0,0,0,1,
1999,2000,2001,2002,2003,2004,2005,2006,2007,2008,
1,0,0,0,1,2,1,1,0,1,
1992,1993,1994,1995,1996,1997,1998,1999,2000,2001,
2,4,0,2,2,1,0,0,2,1,
1995,1996,1997,1998,1999,2000,2001,2002,2003,2004,
2,0,1,0,1,1,2,0,1,1,
1993,1994,1995,1996,1997,1998,1999,2000,2001,2002,
2,4,0,0,2,1,1,0,0,3,
1992,1993,1994,1995,1996,1997,1998,1999,2000,2001,
1,1,2,1,0,0,2,1,0,1,
1994,1995,1996,1997,1998,1999,2000,2001,2002,2003,
1,0,2,2,1,1,0,1,0,1,
1991,1992,1993,1994,1995,1996,1997,1998,1999,2000,
2,5,2,0,2,1,2,0,0,1,
1998,1999,2000,2001,2002,2003,2004,2005,2006,2007,
1,3,4,4,1,0,1,0,0,1,
1992,1993,1994,1995,1996,1997,1998,1999,2000,2001,
1,2,2,1,1,0,1,0,1,1,
1993,1994,1995,1996,1997,1998,1999,2000,2001,2002,
1,2,4,0,1,0,0,2,0,1,
1998,1999,2000,2001,2002,2003,2004,2005,2006,2007,
1,2,2,1,0,1,0,0,0,1,
1994,1995,1996,1997,1998,1999,2000,2001,2002,2003,
1,1,1,0,1,0,1,0,1,1,
1991,1992,1993,1994,1995,1996,1997,1998,1999,2000,
1,0,1,1,0,1,2,0,0,1,
1994,1995,1996,1997,1998,1999,2000,2001,2002,2003,
3,3,1,1,1,1,0,0,0,2,
1994,1995,1996,1997,1998,1999,2000,2001,2002,2003,
1,0,0,3,0,1,1,3,0,2,
1992,1993,1994,1995,1996,1997,1998,1999,2000,2001,
1,1,1,0,0,1,0,1,0,3,
1993,1994,1995,1996,1997,1998,1999,2000,2001,2002,
2,2,1,1,0,0,2,0,1,1,
1991,1992,1993,1994,1995,1996,1997,1998,1999,2000,
2,2,2,1,1,0,0,0,1,1,
2000,2001,2002,2003,2004,2005,2006,2007,2008,2009,
1,0,1,0,1,1,0,3,0,1,
1992,1993,1994,1995,1996,1997,1998,1999,2000,2001,
1,3,1,0,2,1,1,0,1,1,
1993,1994,1995,1996,1997,1998,1999,2000,2001,2002,
1,1,1,1,0,0,0,2,1,4,
1999,2000,2001,2002,2003,2004,2005,2006,2007,2008,
1,0,1,1,3,1,0,5,1,2,
1993,1994,1995,1996,1997,1998,1999,2000,2001,2002,
1,0,1,0,0,1,0,1,1,1,
1992,1993,1994,1995,1996,1997,1998,1999,2000,2001,
1,3,1,2,0,1,0,1,2,1,
1995,1996,1997,1998,1999,2000,2001,2002,2003,2004,
1,0,3,0,1,0,2,1,0,1,
2000,2001,2002,2003,2004,2005,2006,2007,2008,2009,
2,2,0,1,0,1,1,2,1,1,
1992,1993,1994,1995,1996,1997,1998,1999,2000,2001,
1,1,0,2,0,0,0,1,1,1,
1992,1993,1994,1995,1996,1997,1998,1999,2000,2001,
1,0,1,1,2,1,0,0,0,1,
1993,1994,1995,1996,1997,1998,1999,2000,2001,2002,
1,0,0,1,0,1,0,1,2,1,
1991,1992,1993,1994,1995,1996,1997,1998,1999,2000,
1,4,1,0,0,0,1,1,0,1,
1992,1993,1994,1995,1996,1997,1998,1999,2000,2001,
1,1,1,1,0,2,1,1,0,1,
1992,1993,1994,1995,1996,1997,1998,1999,2000,2001,
1,1,0,2,0,0,1,0,1,1,
1992,1993,1994,1995,1996,1997,1998,1999,2000,2001,
1,2,1,2,0,0,1,0,0,1,
1992,1993,1994,1995,1996,1997,1998,1999,2000,2001,
1,3,3,2,0,0,0,1,0,1,
1992,1993,1994,1995,1996,1997,1998,1999,2000,2001,
3,3,2,1,1,0,0,0,2,1,
1993,1994,1995,1996,1997,1998,1999,2000,2001,2002,
1,1,2,1,4,3,3,2,0,5,
1982,1983,1984,1985,1986,1987,1988,1989,1990,1991,
3,1,2,1,1,2,0,0,1,1,
1986,1987,1988,1989,1990,1991,1992,1993,1994,1995,
1,2,0,0,1,1,0,1,1,1,
1980,1981,1982,1983,1984,1985,1986,1987,1988,1989,
1,0,0,1,1,0,0,1,2,1,
1985,1986,1987,1988,1989,1990,1991,1992,1993,1994,
1,1,1,0,1,0,0,1,0,1,
1983,1984,1985,1986,1987,1988,1989,1990,1991,1992,
1,1,0,0,0,2,2,2,0,1,
1984,1985,1986,1987,1988,1989,1990,1991,1992,1993,
1,2,2,1,0,0,1,1,0,2,
1980,1981,1982,1983,1984,1985,1986,1987,1988,1989,
2,1,2,0,1,0,0,0,1,1,
1982,1983,1984,1985,1986,1987,1988,1989,1990,1991,
5,1,1,0,0,3,3,1,1,1,
1981,1982,1983,1984,1985,1986,1987,1988,1989,1990,
1,4,1,0,1,1,0,0,0,1,
1982,1983,1984,1985,1986,1987,1988,1989,1990,1991,
2,1,1,0,1,2,0,1,0,1,
1979,1980,1981,1982,1983,1984,1985,1986,1987,1988,
6,5,6,2,2,1,0,0,1,3,
1983,1984,1985,1986,1987,1988,1989,1990,1991,1992,
1,1,0,0,0,1,1,1,1,1,
1975,1976,1977,1978,1979,1980,1981,1982,1983,1984,
2,1,1,0,0,1,1,1,0,1,
1986,1987,1988,1989,1990,1991,1992,1993,1994,1995,
2,2,1,1,1,1,2,0,0,1,
1981,1982,1983,1984,1985,1986,1987,1988,1989,1990,
1,3,3,5,1,1,2,0,0,1,
1980,1981,1982,1983,1984,1985,1986,1987,1988,1989,
2,1,1,0,2,1,0,0,1,1,
1979,1980,1981,1982,1983,1984,1985,1986,1987,1988,
1,3,3,1,0,1,4,0,1,1,
1985,1986,1987,1988,1989,1990,1991,1992,1993,1994,
3,2,1,1,2,0,1,0,0,1,
1984,1985,1986,1987,1988,1989,1990,1991,1992,1993,
1,0,0,1,1,1,0,1,0,1,
1984,1985,1986,1987,1988,1989,1990,1991,1992,1993,
1,2,3,0,2,1,0,0,3,1,
1984,1985,1986,1987,1988,1989,1990,1991,1992,1993,
3,0,1,0,1,4,1,0,0,1,
1983,1984,1985,1986,1987,1988,1989,1990,1991,1992,
1,1,0,0,1,1,1,0,1,1,
1976,1977,1978,1979,1980,1981,1982,1983,1984,1985,
2,1,2,1,2,1,0,1,1,1,
2000,2001,2002,2003,2004,2005,2006,2007,2008,2009,
1,1,1,3,0,2,2,0,0,3,
2000,2001,2002,2003,2004,2005,2006,2007,2008,2009,
1,1,2,1,0,2,2,0,1,2,
2000,2001,2002,2003,2004,2005,2006,2007,2008,2009,
1,0,0,1,1,0,2,1,0,2,
1992,1993,1994,1995,1996,1997,1998,1999,2000,2001,
1,1,1,1,0,1,0,1,0,1,
1998,1999,2000,2001,2002,2003,2004,2005,2006,2007,
2,0,3,2,1,4,1,0,0,1,
2000,2001,2002,2003,2004,2005,2006,2007,2008,2009,
1,1,3,0,1,1,0,1,2,1,
1992,1993,1994,1995,1996,1997,1998,1999,2000,2001,
1,2,1,0,0,1,2,0,4,2,
2001,2002,2003,2004,2005,2006,2007,2008,2009,2010,
1,2,2,1,0,2,7,7,9,1,
2000,2001,2002,2003,2004,2005,2006,2007,2008,2009,
5,2,0,0,1,2,3,3,2,1,
1997,1998,1999,2000,2001,2002,2003,2004,2005,2006,
3,0,4,3,1,2,3,1,0,1,
2000,2001,2002,2003,2004,2005,2006,2007,2008,2009,
1,1,1,0,1,0,1,0,1,1,
2000,2001,2002,2003,2004,2005,2006,2007,2008,2009,
1,1,0,2,0,0,1,2,2,4,
1999,2000,2001,2002,2003,2004,2005,2006,2007,2008,
1,2,0,1,1,0,0,1,1,1,
2000,2001,2002,2003,2004,2005,2006,2007,2008,2009,
1,2,2,2,1,2,2,7,6,2,
2000,2001,2002,2003,2004,2005,2006,2007,2008,2009,
1,1,0,1,3,0,1,2,1,6,
1999,2000,2001,2002,2003,2004,2005,2006,2007,2008,
1,1,0,2,2,0,0,0,1,1,
2000,2001,2002,2003,2004,2005,2006,2007,2008,2009,
2,1,1,1,0,1,1,1,1,2,
2000,2001,2002,2003,2004,2005,2006,2007,2008,2009,
1,1,0,2,2,0,2,4,4,8,
2000,2001,2002,2003,2004,2005,2006,2007,2008,2009,
1,1,0,1,3,8,6,1,6,1,
1998,1999,2000,2001,2002,2003,2004,2005,2006,2007,
1,1,0,1,1,1,0,0,0,1,
2000,2001,2002,2003,2004,2005,2006,2007,2008,2009,
2,0,0,2,0,2,2,2,3,5,
2000,2001,2002,2003,2004,2005,2006,2007,2008,2009,
1,0,1,1,2,1,2,1,4,5,
2000,2001,2002,2003,2004,2005,2006,2007,2008,2009,
1,0,0,2,0,2,1,2,0,1,
2000,2001,2002,2003,2004,2005,2006,2007,2008,2009,
1,1,0,3,0,0,3,6,4,3,
2000,2001,2002,2003,2004,2005,2006,2007,2008,2009,
1,1,1,2,2,1,1,3,1,3,
2000,2001,2002,2003,2004,2005,2006,2007,2008,2009,
2,0,0,11,13,6,5,6,5,9,
2000,2001,2002,2003,2004,2005,2006,2007,2008,2009,
1,1,1,1,0,3,1,0,0,3,
1999,2000,2001,2002,2003,2004,2005,2006,2007,2008,
1,0,0,0,3,1,0,2,1,5,
1996,1997,1998,1999,2000,2001,2002,2003,2004,2005,
1,2,2,1,1,0,2,0,0,1,
2000,2001,2002,2003,2004,2005,2006,2007,2008,2009,
2,3,3,2,0,0,0,2,2,3,
2000,2001,2002,2003,2004,2005,2006,2007,2008,2009,
2,1,0,0,0,1,0,3,1,2,
2000,2001,2002,2003,2004,2005,2006,2007,2008,2009,
2,0,0,0,0,2,1,3,1,7,
2000,2001,2002,2003,2004,2005,2006,2007,2008,2009,
1,1,1,0,0,0,0,1,3,1,
2000,2001,2002,2003,2004,2005,2006,2007,2008,2009,
1,0,1,2,0,0,1,1,0,2,
1994,1995,1996,1997,1998,1999,2000,2001,2002,2003,
1,0,0,1,0,1,1,0,1,2,
2000,2001,2002,2003,2004,2005,2006,2007,2008,2009,
2,3,1,2,1,1,1,0,0,1,
1998,1999,2000,2001,2002,2003,2004,2005,2006,2007,
1,0,0,1,1,1,0,3,0,1,
1996,1997,1998,1999,2000,2001,2002,2003,2004,2005,
3,5,3,5,5,4,2,4,0,1,
1998,1999,2000,2001,2002,2003,2004,2005,2006,2007,
1,0,1,3,1,2,0,0,0,1,
2000,2001,2002,2003,2004,2005,2006,2007,2008,2009,
1,3,7,4,5,5,6,16,8,8,
1996,1997,1998,1999,2000,2001,2002,2003,2004,2005,
1,1,2,3,0,0,2,3,1,2,
1991,1992,1993,1994,1995,1996,1997,1998,1999,2000,
1,2,0,1,1,0,0,1,0,1,
2000,2001,2002,2003,2004,2005,2006,2007,2008,2009,
1,1,0,0,1,1,0,2,2,2,
2000,2001,2002,2003,2004,2005,2006,2007,2008,2009,
2,1,1,0,0,1,0,0,1,2,
1996,1997,1998,1999,2000,2001,2002,2003,2004,2005,
1,2,0,1,0,1,3,1,0,1,
1999,2000,2001,2002,2003,2004,2005,2006,2007,2008,
1,0,0,2,1,1,2,2,0,1,
1996,1997,1998,1999,2000,2001,2002,2003,2004,2005,
1,2,1,6,6,4,3,5,2,3,
1997,1998,1999,2000,2001,2002,2003,2004,2005,2006,
6,1,4,0,1,1,0,3,2,1,
2000,2001,2002,2003,2004,2005,2006,2007,2008,2009,
1,0,1,0,1,2,1,1,0,1,
2000,2001,2002,2003,2004,2005,2006,2007,2008,2009,
1,3,1,1,2,0,0,0,0,1,
2000,2001,2002,2003,2004,2005,2006,2007,2008,2009,
2,1,1,1,2,0,0,0,0,1,
1996,1997,1998,1999,2000,2001,2002,2003,2004,2005,
1,2,1,4,3,4,1,2,0,3,
2000,2001,2002,2003,2004,2005,2006,2007,2008,2009,
1,1,1,2,0,4,2,0,0,1,
1995,1996,1997,1998,1999,2000,2001,2002,2003,2004,
1,0,3,2,0,2,0,0,1,1,
2000,2001,2002,2003,2004,2005,2006,2007,2008,2009,
1,0,0,2,0,1,1,2,0,6,
1999,2000,2001,2002,2003,2004,2005,2006,2007,2008,
5,0,3,3,2,0,2,1,2,1,
1998,1999,2000,2001,2002,2003,2004,2005,2006,2007,
2,1,0,2,2,3,1,1,1,2,
1995,1996,1997,1998,1999,2000,2001,2002,2003,2004,
3,3,5,2,4,1,1,2,0,2,
1999,2000,2001,2002,2003,2004,2005,2006,2007,2008,
1,0,0,2,1,1,1,0,0,2,
1997,1998,1999,2000,2001,2002,2003,2004,2005,2006,
3,2,0,2,2,2,1,1,0,1,
1998,1999,2000,2001,2002,2003,2004,2005,2006,2007,
1,1,3,2,2,0,0,0,1,4,
1998,1999,2000,2001,2002,2003,2004,2005,2006,2007,
1,1,0,0,2,1,1,1,0,1,
1997,1998,1999,2000,2001,2002,2003,2004,2005,2006,
1,1,0,2,1,2,2,0,1,1,
2000,2001,2002,2003,2004,2005,2006,2007,2008,2009,
2,1,1,2,0,0,0,1,0,1,
2000,2001,2002,2003,2004,2005,2006,2007,2008,2009,
1,0,1,0,0,2,0,5,2,1,
1995,1996,1997,1998,1999,2000,2001,2002,2003,2004,
1,0,2,0,1,2,0,1,2,1,
2000,2001,2002,2003,2004,2005,2006,2007,2008,2009,
2,0,2,1,0,0,0,2,1,1,
1997,1998,1999,2000,2001,2002,2003,2004,2005,2006,
5,1,2,1,3,1,0,0,0,1,
1999,2000,2001,2002,2003,2004,2005,2006,2007,2008,
2,3,0,1,2,1,0,0,0,1,
2000,2001,2002,2003,2004,2005,2006,2007,2008,2009,
1,0,2,1,0,0,1,1,2,1,
2000,2001,2002,2003,2004,2005,2006,2007,2008,2009,
2,3,1,1,1,0,1,2,3,1,
1997,1998,1999,2000,2001,2002,2003,2004,2005,2006,
2,1,2,2,1,0,2,0,0,2,
1999,2000,2001,2002,2003,2004,2005,2006,2007,2008,
1,1,2,0,1,0,0,2,0,1,
2000,2001,2002,2003,2004,2005,2006,2007,2008,2009,
1,2,1,0,0,1,1,0,0,1,
1996,1997,1998,1999,2000,2001,2002,2003,2004,2005,
1,1,0,0,0,3,2,1,2,1,
2000,2001,2002,2003,2004,2005,2006,2007,2008,2009,
2,1,1,2,1,1,0,0,0,2,
2000,2001,2002,2003,2004,2005,2006,2007,2008,2009,
2,0,0,0,0,1,1,1,2,1,
1997,1998,1999,2000,2001,2002,2003,2004,2005,2006,
2,0,2,2,0,2,2,0,1,1,
1998,1999,2000,2001,2002,2003,2004,2005,2006,2007,
3,2,1,3,6,1,0,0,0,1,
2000,2001,2002,2003,2004,2005,2006,2007,2008,2009,
1,0,0,0,1,0,1,1,1,2,
1997,1998,1999,2000,2001,2002,2003,2004,2005,2006,
2,3,3,2,4,3,0,0,0,1,
1999,2000,2001,2002,2003,2004,2005,2006,2007,2008,
1,1,1,1,0,1,0,0,0,1,
1994,1995,1996,1997,1998,1999,2000,2001,2002,2003,
1,1,0,1,1,2,0,0,1,2,
2000,2001,2002,2003,2004,2005,2006,2007,2008,2009,
2,1,1,1,1,3,1,5,2,10,
2000,2001,2002,2003,2004,2005,2006,2007,2008,2009,
2,3,1,3,1,2,2,1,0,2,
1997,1998,1999,2000,2001,2002,2003,2004,2005,2006,
1,0,1,1,1,2,0,0,1,1,
1997,1998,1999,2000,2001,2002,2003,2004,2005,2006,
1,0,1,2,1,2,1,0,0,1,
1997,1998,1999,2000,2001,2002,2003,2004,2005,2006,
3,0,0,2,1,1,1,0,0,1,
1997,1998,1999,2000,2001,2002,2003,2004,2005,2006,
2,0,1,1,2,0,0,1,1,1,
1998,1999,2000,2001,2002,2003,2004,2005,2006,2007,
3,1,4,2,5,2,1,1,0,1,
1999,2000,2001,2002,2003,2004,2005,2006,2007,2008,
1,4,2,1,1,0,0,0,0,1,
1996,1997,1998,1999,2000,2001,2002,2003,2004,2005,
1,0,0,1,1,1,3,0,1,1,
1997,1998,1999,2000,2001,2002,2003,2004,2005,2006,
2,0,1,1,4,1,1,0,0,1,
1997,1998,1999,2000,2001,2002,2003,2004,2005,2006,
3,0,3,3,2,0,0,1,1,2,
2000,2001,2002,2003,2004,2005,2006,2007,2008,2009,
1,1,0,0,0,0,7,1,1,4,
1998,1999,2000,2001,2002,2003,2004,2005,2006,2007,
1,1,0,1,1,1,0,1,0,1,
2000,2001,2002,2003,2004,2005,2006,2007,2008,2009,
2,1,2,0,0,0,2,1,2,1,
1995,1996,1997,1998,1999,2000,2001,2002,2003,2004,
2,2,1,0,2,0,1,2,2,2,
1995,1996,1997,1998,1999,2000,2001,2002,2003,2004,
2,2,4,2,1,1,0,0,2,2,
2000,2001,2002,2003,2004,2005,2006,2007,2008,2009,
1,1,1,1,0,0,0,2,1,3,
1997,1998,1999,2000,2001,2002,2003,2004,2005,2006,
2,0,2,2,1,5,1,0,0,1,
1999,2000,2001,2002,2003,2004,2005,2006,2007,2008,
1,1,2,1,1,0,1,0,0,1,
2000,2001,2002,2003,2004,2005,2006,2007,2008,2009,
3,4,1,1,0,1,1,2,0,1,
1997,1998,1999,2000,2001,2002,2003,2004,2005,2006,
1,1,1,2,3,1,0,0,1,1,
1997,1998,1999,2000,2001,2002,2003,2004,2005,2006,
2,1,3,1,0,4,0,0,0,1,
1997,1998,1999,2000,2001,2002,2003,2004,2005,2006,
1,2,1,1,1,0,0,0,0,1,
2000,2001,2002,2003,2004,2005,2006,2007,2008,2009,
1,2,1,2,0,0,1,0,1,3,
1998,1999,2000,2001,2002,2003,2004,2005,2006,2007,
1,2,3,3,0,0,1,2,0,2,
2000,2001,2002,2003,2004,2005,2006,2007,2008,2009,
1,0,0,2,0,2,3,1,3,1,
2000,2001,2002,2003,2004,2005,2006,2007,2008,2009,
1,2,1,1,1,1,0,0,1,1,
2000,2001,2002,2003,2004,2005,2006,2007,2008,2009,
1,1,3,3,2,3,3,1,3,4,
2000,2001,2002,2003,2004,2005,2006,2007,2008,2009,
2,0,2,1,1,1,1,3,2,3,
2001,2002,2003,2004,2005,2006,2007,2008,2009,2010,
1,1,2,1,0,1,1,1,0,1,
2000,2001,2002,2003,2004,2005,2006,2007,2008,2009,
1,1,1,1,2,1,3,1,4,4,
2000,2001,2002,2003,2004,2005,2006,2007,2008,2009,
1,0,8,8,1,3,2,7,3,15,
2001,2002,2003,2004,2005,2006,2007,2008,2009,2010,
2,4,1,2,1,0,6,1,0,1,
2000,2001,2002,2003,2004,2005,2006,2007,2008,2009,
1,1,1,1,1,6,9,2,15,9,
2000,2001,2002,2003,2004,2005,2006,2007,2008,2009,
1,3,0,1,0,1,1,2,1,1,
1994,1995,1996,1997,1998,1999,2000,2001,2002,2003,
1,0,0,1,0,2,1,0,1,1,
2000,2001,2002,2003,2004,2005,2006,2007,2008,2009,
3,1,0,4,1,2,1,2,1,2,
2000,2001,2002,2003,2004,2005,2006,2007,2008,2009,
1,2,4,0,1,1,0,0,1,1,
2000,2001,2002,2003,2004,2005,2006,2007,2008,2009,
1,1,2,0,0,0,0,2,1,2,
2001,2002,2003,2004,2005,2006,2007,2008,2009,2010,
1,1,3,3,5,6,14,11,16,1,
2000,2001,2002,2003,2004,2005,2006,2007,2008,2009,
1,0,2,1,1,0,1,2,2,2,
2000,2001,2002,2003,2004,2005,2006,2007,2008,2009,
1,1,1,1,1,1,0,0,0,1,
2000,2001,2002,2003,2004,2005,2006,2007,2008,2009,
1,0,2,3,0,1,0,0,2,1,
2000,2001,2002,2003,2004,2005,2006,2007,2008,2009,
1,5,0,3,1,3,0,1,2,1,
1993,1994,1995,1996,1997,1998,1999,2000,2001,2002,
1,2,1,0,2,0,1,0,0,1,
1998,1999,2000,2001,2002,2003,2004,2005,2006,2007,
1,0,0,1,4,2,1,3,0,1,
2000,2001,2002,2003,2004,2005,2006,2007,2008,2009,
1,0,0,3,0,1,2,2,1,1,
2000,2001,2002,2003,2004,2005,2006,2007,2008,2009,
1,2,2,3,1,4,2,2,1,4,
2000,2001,2002,2003,2004,2005,2006,2007,2008,2009,
1,1,0,0,1,1,0,3,6,9,
2000,2001,2002,2003,2004,2005,2006,2007,2008,2009,
3,1,5,8,1,5,2,6,2,4,
1979,1980,1981,1982,1983,1984,1985,1986,1987,1988,
1,0,1,0,1,0,1,1,0,1,
2000,2001,2002,2003,2004,2005,2006,2007,2008,2009,
1,0,1,0,0,2,1,0,2,1,
2000,2001,2002,2003,2004,2005,2006,2007,2008,2009,
4,4,2,1,8,14,17,3,13,4,
2000,2001,2002,2003,2004,2005,2006,2007,2008,2009,
1,0,3,3,3,3,2,2,3,1,
2000,2001,2002,2003,2004,2005,2006,2007,2008,2009,
1,2,6,2,1,3,2,3,4,2,
2000,2001,2002,2003,2004,2005,2006,2007,2008,2009,
2,2,1,3,0,0,0,1,0,2,
1999,2000,2001,2002,2003,2004,2005,2006,2007,2008,
3,2,2,1,0,1,0,0,0,1,
1995,1996,1997,1998,1999,2000,2001,2002,2003,2004,
2,1,1,0,0,0,0,1,1,1,
2000,2001,2002,2003,2004,2005,2006,2007,2008,2009,
1,1,1,0,0,7,0,7,5,5,
2000,2001,2002,2003,2004,2005,2006,2007,2008,2009,
1,0,1,0,0,2,1,0,2,1,
2000,2001,2002,2003,2004,2005,2006,2007,2008,2009,
1,0,2,4,0,3,0,3,1,2,
1998,1999,2000,2001,2002,2003,2004,2005,2006,2007,
1,1,1,1,2,1,0,1,0,4,
2000,2001,2002,2003,2004,2005,2006,2007,2008,2009,
1,0,0,3,2,3,3,3,6,6,
2000,2001,2002,2003,2004,2005,2006,2007,2008,2009,
1,1,0,2,0,1,0,0,2,1,
2000,2001,2002,2003,2004,2005,2006,2007,2008,2009,
1,2,3,0,1,1,1,3,3,2,
2000,2001,2002,2003,2004,2005,2006,2007,2008,2009,
2,1,1,1,0,0,1,2,0,1,
2000,2001,2002,2003,2004,2005,2006,2007,2008,2009,
2,2,1,1,1,4,0,5,3,2,
2000,2001,2002,2003,2004,2005,2006,2007,2008,2009,
1,0,1,1,4,2,3,3,4,3,
2000,2001,2002,2003,2004,2005,2006,2007,2008,2009,
1,2,1,1,1,1,1,0,1,2,
2000,2001,2002,2003,2004,2005,2006,2007,2008,2009,
1,1,5,3,3,3,3,4,5,1,
