1976,1977,1978,1979,1980,1981,1982,1983,1984,1985,1986,1987,1988,1989,1990,1991,1992,1993,1994,1995,1996,1997,1998,1999,2000,2001,2002,2003,2004,2005,2006,
1,0,0,1,0,0,0,0,2,0,2,5,4,6,2,3,1,5,3,0,0,2,4,0,2,2,3,4,0,0,1,
1978,1979,1980,1981,1982,1983,1984,1985,1986,1987,1988,1989,1990,1991,1992,1993,1994,1995,1996,1997,1998,1999,2000,2001,2002,2003,2004,2005,2006,2007,2008,
2,0,1,1,1,0,2,0,1,1,1,6,2,3,5,2,1,2,3,2,0,1,0,1,1,0,0,1,0,0,1,
1979,1980,1981,1982,1983,1984,1985,1986,1987,1988,1989,1990,1991,1992,1993,1994,1995,1996,1997,1998,1999,2000,2001,2002,2003,2004,2005,2006,2007,2008,2009,
1,1,3,4,1,6,6,10,15,14,14,10,7,3,2,8,6,1,3,0,1,1,2,0,0,0,0,0,0,0,2,
1980,1981,1982,1983,1984,1985,1986,1987,1988,1989,1990,1991,1992,1993,1994,1995,1996,1997,1998,1999,2000,2001,2002,2003,2004,2005,2006,2007,2008,2009,2010,
1,5,0,12,7,10,0,2,3,2,6,28,42,39,3,37,38,23,5,4,23,6,7,10,20,43,22,12,19,12,1,
1979,1980,1981,1982,1983,1984,1985,1986,1987,1988,1989,1990,1991,1992,1993,1994,1995,1996,1997,1998,1999,2000,2001,2002,2003,2004,2005,2006,2007,2008,2009,
3,5,8,3,4,1,1,1,6,5,4,4,1,2,1,0,0,0,0,0,0,0,0,0,0,0,0,0,0,0,1,
1979,1980,1981,1982,1983,1984,1985,1986,1987,1988,1989,1990,1991,1992,1993,1994,1995,1996,1997,1998,1999,2000,2001,2002,2003,2004,2005,2006,2007,2008,2009,
1,2,2,1,1,3,0,2,2,5,3,2,1,2,1,0,1,0,0,1,1,0,0,0,0,0,0,0,0,1,3,
1975,1976,1977,1978,1979,1980,1981,1982,1983,1984,1985,1986,1987,1988,1989,1990,1991,1992,1993,1994,1995,1996,1997,1998,1999,2000,2001,2002,2003,2004,2005,
5,5,1,7,7,3,3,4,0,2,0,1,0,3,1,0,0,3,2,0,1,0,1,0,0,0,1,0,2,1,1,
1979,1980,1981,1982,1983,1984,1985,1986,1987,1988,1989,1990,1991,1992,1993,1994,1995,1996,1997,1998,1999,2000,2001,2002,2003,2004,2005,2006,2007,2008,2009,
3,1,7,6,13,10,9,13,19,19,39,21,40,26,16,15,24,7,14,7,17,36,23,39,19,12,15,16,23,23,28,
1978,1979,1980,1981,1982,1983,1984,1985,1986,1987,1988,1989,1990,1991,1992,1993,1994,1995,1996,1997,1998,1999,2000,2001,2002,2003,2004,2005,2006,2007,2008,
2,4,0,2,0,2,0,1,0,1,0,1,0,0,0,1,0,0,0,0,0,0,1,1,2,0,2,1,1,1,1,
1979,1980,1981,1982,1983,1984,1985,1986,1987,1988,1989,1990,1991,1992,1993,1994,1995,1996,1997,1998,1999,2000,2001,2002,2003,2004,2005,2006,2007,2008,2009,
3,1,2,5,2,1,0,2,2,8,4,6,5,6,3,1,3,5,3,1,0,4,3,10,0,0,4,0,3,4,5,
1979,1980,1981,1982,1983,1984,1985,1986,1987,1988,1989,1990,1991,1992,1993,1994,1995,1996,1997,1998,1999,2000,2001,2002,2003,2004,2005,2006,2007,2008,2009,
2,1,0,0,1,1,1,3,1,3,6,3,1,3,3,1,2,0,2,1,1,2,1,0,0,1,1,0,2,2,1,
1979,1980,1981,1982,1983,1984,1985,1986,1987,1988,1989,1990,1991,1992,1993,1994,1995,1996,1997,1998,1999,2000,2001,2002,2003,2004,2005,2006,2007,2008,2009,
6,0,6,5,6,2,2,2,4,1,7,5,2,4,10,3,8,4,1,6,5,3,6,8,8,5,7,5,3,6,5,
1979,1980,1981,1982,1983,1984,1985,1986,1987,1988,1989,1990,1991,1992,1993,1994,1995,1996,1997,1998,1999,2000,2001,2002,2003,2004,2005,2006,2007,2008,2009,
3,0,0,0,2,0,0,1,2,2,1,2,6,3,1,1,1,1,2,1,1,0,2,5,0,1,0,0,1,0,1,
1979,1980,1981,1982,1983,1984,1985,1986,1987,1988,1989,1990,1991,1992,1993,1994,1995,1996,1997,1998,1999,2000,2001,2002,2003,2004,2005,2006,2007,2008,2009,
4,0,1,3,1,3,4,0,2,6,6,3,3,0,2,4,5,4,3,0,5,7,11,4,9,10,5,1,6,7,12,
1970,1971,1972,1973,1974,1975,1976,1977,1978,1979,1980,1981,1982,1983,1984,1985,1986,1987,1988,1989,1990,1991,1992,1993,1994,1995,1996,1997,1998,1999,2000,
1,2,1,2,2,2,1,0,2,4,0,1,0,2,0,1,0,1,2,0,0,0,1,0,0,0,0,0,0,0,1,
1979,1980,1981,1982,1983,1984,1985,1986,1987,1988,1989,1990,1991,1992,1993,1994,1995,1996,1997,1998,1999,2000,2001,2002,2003,2004,2005,2006,2007,2008,2009,
2,5,4,5,6,5,0,6,13,11,19,8,12,11,8,0,3,1,1,2,5,7,1,5,6,0,0,2,3,2,1,
1978,1979,1980,1981,1982,1983,1984,1985,1986,1987,1988,1989,1990,1991,1992,1993,1994,1995,1996,1997,1998,1999,2000,2001,2002,2003,2004,2005,2006,2007,2008,
1,1,2,1,2,0,2,1,1,0,1,2,0,2,4,0,1,2,0,0,0,2,0,0,0,0,0,0,0,0,1,
1979,1980,1981,1982,1983,1984,1985,1986,1987,1988,1989,1990,1991,1992,1993,1994,1995,1996,1997,1998,1999,2000,2001,2002,2003,2004,2005,2006,2007,2008,2009,
1,2,0,4,4,2,1,3,5,1,1,5,2,0,0,1,1,0,4,3,3,2,0,2,3,1,1,1,6,3,1,
1979,1980,1981,1982,1983,1984,1985,1986,1987,1988,1989,1990,1991,1992,1993,1994,1995,1996,1997,1998,1999,2000,2001,2002,2003,2004,2005,2006,2007,2008,2009,
1,0,1,1,0,0,0,0,1,4,2,0,2,0,5,1,5,0,4,1,4,6,8,9,6,9,4,12,10,7,11,
