1974,1975,1976,1977,1978,1979,1980,1981,1982,1983,1984,1985,1986,1987,1988,1989,1990,1991,1992,1993,1994,1995,1996,1997,1998,1999,2000,2001,2002,2003,2004,2005,2006,2007,2008,
4,5,20,8,13,12,16,13,22,20,9,3,16,14,12,12,6,2,1,5,1,2,3,0,2,0,0,0,1,1,0,0,0,0,2,
1962,1963,1964,1965,1966,1967,1968,1969,1970,1971,1972,1973,1974,1975,1976,1977,1978,1979,1980,1981,1982,1983,1984,1985,1986,1987,1988,1989,1990,1991,1992,1993,1994,1995,1996,
1,2,1,1,1,3,2,1,1,0,1,3,0,0,1,1,1,0,0,0,0,1,1,0,0,0,2,0,0,0,0,0,0,0,1,
1975,1976,1977,1978,1979,1980,1981,1982,1983,1984,1985,1986,1987,1988,1989,1990,1991,1992,1993,1994,1995,1996,1997,1998,1999,2000,2001,2002,2003,2004,2005,2006,2007,2008,2009,
1,1,0,1,0,2,0,4,2,4,0,3,4,1,3,3,3,0,0,0,1,0,4,1,1,3,2,5,2,1,2,0,2,1,3,
1975,1976,1977,1978,1979,1980,1981,1982,1983,1984,1985,1986,1987,1988,1989,1990,1991,1992,1993,1994,1995,1996,1997,1998,1999,2000,2001,2002,2003,2004,2005,2006,2007,2008,2009,
1,0,0,1,1,4,1,3,3,8,1,4,4,3,2,0,5,1,1,1,0,0,0,0,0,1,0,0,0,0,0,0,0,1,2,
1974,1975,1976,1977,1978,1979,1980,1981,1982,1983,1984,1985,1986,1987,1988,1989,1990,1991,1992,1993,1994,1995,1996,1997,1998,1999,2000,2001,2002,2003,2004,2005,2006,2007,2008,
1,1,4,22,17,13,14,15,11,8,8,3,4,3,10,3,1,4,2,2,2,2,0,0,0,2,1,1,3,0,1,0,0,2,1,
1975,1976,1977,1978,1979,1980,1981,1982,1983,1984,1985,1986,1987,1988,1989,1990,1991,1992,1993,1994,1995,1996,1997,1998,1999,2000,2001,2002,2003,2004,2005,2006,2007,2008,2009,
2,1,3,1,2,0,1,1,3,0,1,2,3,2,3,4,6,1,0,0,1,0,0,1,0,1,4,5,3,0,0,1,3,0,5,
1975,1976,1977,1978,1979,1980,1981,1982,1983,1984,1985,1986,1987,1988,1989,1990,1991,1992,1993,1994,1995,1996,1997,1998,1999,2000,2001,2002,2003,2004,2005,2006,2007,2008,2009,
1,7,4,3,0,3,1,4,3,5,4,1,6,4,5,1,2,2,2,2,1,3,0,0,2,0,1,3,3,1,0,0,0,0,1,
1974,1975,1976,1977,1978,1979,1980,1981,1982,1983,1984,1985,1986,1987,1988,1989,1990,1991,1992,1993,1994,1995,1996,1997,1998,1999,2000,2001,2002,2003,2004,2005,2006,2007,2008,
3,0,2,2,4,4,5,2,2,0,3,1,1,2,0,0,0,0,1,1,0,1,0,0,1,1,0,0,0,1,0,0,0,0,1,
1975,1976,1977,1978,1979,1980,1981,1982,1983,1984,1985,1986,1987,1988,1989,1990,1991,1992,1993,1994,1995,1996,1997,1998,1999,2000,2001,2002,2003,2004,2005,2006,2007,2008,2009,
1,1,1,1,1,0,0,0,0,2,0,0,2,0,1,1,2,0,2,1,2,1,0,2,0,1,1,1,3,2,0,1,0,2,2,
1975,1976,1977,1978,1979,1980,1981,1982,1983,1984,1985,1986,1987,1988,1989,1990,1991,1992,1993,1994,1995,1996,1997,1998,1999,2000,2001,2002,2003,2004,2005,2006,2007,2008,2009,
5,1,1,0,0,3,1,0,0,0,0,0,1,6,2,3,15,2,4,4,1,1,1,0,1,4,1,1,1,1,1,2,3,1,1,
1968,1969,1970,1971,1972,1973,1974,1975,1976,1977,1978,1979,1980,1981,1982,1983,1984,1985,1986,1987,1988,1989,1990,1991,1992,1993,1994,1995,1996,1997,1998,1999,2000,2001,2002,
1,3,0,2,1,1,1,1,1,0,1,2,3,2,4,2,1,0,0,2,0,0,1,0,1,0,2,0,0,1,1,0,0,2,1,
1975,1976,1977,1978,1979,1980,1981,1982,1983,1984,1985,1986,1987,1988,1989,1990,1991,1992,1993,1994,1995,1996,1997,1998,1999,2000,2001,2002,2003,2004,2005,2006,2007,2008,2009,
1,1,1,0,0,0,0,0,0,0,0,1,0,3,8,0,1,6,2,5,1,0,0,1,0,1,3,3,2,0,0,5,3,14,6,
1975,1976,1977,1978,1979,1980,1981,1982,1983,1984,1985,1986,1987,1988,1989,1990,1991,1992,1993,1994,1995,1996,1997,1998,1999,2000,2001,2002,2003,2004,2005,2006,2007,2008,2009,
7,15,19,17,16,8,16,9,6,8,2,6,10,15,17,13,5,8,4,2,7,5,4,4,3,5,6,9,3,2,1,3,3,5,4,
1975,1976,1977,1978,1979,1980,1981,1982,1983,1984,1985,1986,1987,1988,1989,1990,1991,1992,1993,1994,1995,1996,1997,1998,1999,2000,2001,2002,2003,2004,2005,2006,2007,2008,2009,
9,8,4,3,6,3,3,1,2,0,1,0,0,0,2,1,3,1,2,3,0,3,3,8,1,7,3,3,2,2,1,1,3,1,1,
1974,1975,1976,1977,1978,1979,1980,1981,1982,1983,1984,1985,1986,1987,1988,1989,1990,1991,1992,1993,1994,1995,1996,1997,1998,1999,2000,2001,2002,2003,2004,2005,2006,2007,2008,
1,1,1,4,4,0,4,1,1,1,1,0,0,1,1,1,0,0,1,0,0,0,0,0,0,0,1,0,3,1,0,0,1,0,2,
1975,1976,1977,1978,1979,1980,1981,1982,1983,1984,1985,1986,1987,1988,1989,1990,1991,1992,1993,1994,1995,1996,1997,1998,1999,2000,2001,2002,2003,2004,2005,2006,2007,2008,2009,
1,0,1,0,0,1,1,0,0,0,0,0,1,2,1,2,0,1,4,4,0,1,2,2,3,0,1,1,1,1,1,2,1,2,2,
1975,1976,1977,1978,1979,1980,1981,1982,1983,1984,1985,1986,1987,1988,1989,1990,1991,1992,1993,1994,1995,1996,1997,1998,1999,2000,2001,2002,2003,2004,2005,2006,2007,2008,2009,
2,1,3,4,1,2,1,0,1,1,0,0,0,3,3,2,3,4,0,2,1,0,1,0,0,3,0,2,1,0,0,0,0,5,1,
1975,1976,1977,1978,1979,1980,1981,1982,1983,1984,1985,1986,1987,1988,1989,1990,1991,1992,1993,1994,1995,1996,1997,1998,1999,2000,2001,2002,2003,2004,2005,2006,2007,2008,2009,
3,10,8,5,7,4,8,1,6,7,0,3,3,1,8,3,6,2,5,4,3,3,10,4,10,12,5,10,3,5,7,0,4,7,9,
1975,1976,1977,1978,1979,1980,1981,1982,1983,1984,1985,1986,1987,1988,1989,1990,1991,1992,1993,1994,1995,1996,1997,1998,1999,2000,2001,2002,2003,2004,2005,2006,2007,2008,2009,
1,0,0,1,0,0,0,1,0,1,1,1,1,3,2,2,1,0,1,2,2,0,3,2,4,3,2,5,2,3,2,0,1,1,7,
1975,1976,1977,1978,1979,1980,1981,1982,1983,1984,1985,1986,1987,1988,1989,1990,1991,1992,1993,1994,1995,1996,1997,1998,1999,2000,2001,2002,2003,2004,2005,2006,2007,2008,2009,
1,0,1,5,3,0,4,3,5,0,3,1,2,4,5,2,8,2,2,4,2,4,3,1,5,7,3,7,4,3,4,3,7,5,8,
